DISPATCH_STALL_FOR_BRANCH_ABORT,CPU_READ_COMMAND_LATENCY_TO_TARGET_NODE_0_3,PIPELINE_RESTART_DUE_TO_INSTRUCTION_STREAM_PROBE,SEGMENT_REGISTER_LOADS,RETURN_STACK_OVERFLOWS,L3_CACHE_MISSES,DISPATCH_STALL_WAITING_FOR_ALL_QUIET,MEMORY_CONTROLLER_TURNAROUNDS,RETIRED_SSE_OPERATIONS,CPU_IO_REQUESTS_TO_MEMORY_IO,PERF_COUNT_SW_TASK_CLOCK,RETIRED_MMX_AND_FP_INSTRUCTIONS,CPU_CLK_UNHALTED,INTERRUPTS_MASKED_CYCLES_WITH_INTERRUPT_PENDING,INSTRUCTION_CACHE_MISSES,SMIS_RECEIVED,FP_SCHEDULER_CYCLES,CPU_READ_COMMAND_REQUESTS_TO_TARGET_NODE_0_3,CPU_READ_COMMAND_REQUESTS_TO_TARGET_NODE_4_7,RETIRED_CLFLUSH_INSTRUCTIONS,RETIRED_TAKEN_BRANCH_INSTRUCTIONS_MISPREDICTED,HYPERTRANSPORT_LINK3,DISPATCH_STALL_FOR_SERIALIZATION,DISPATCH_STALL_FOR_RESERVATION_STATION_FULL,INEFFECTIVE_SW_PREFETCHES,PERF_COUNT_HW_CACHE_MISSES,GLOBAL_TLB_FLUSHES,RETIRED_MOVE_OPS,DISPATCHED_FPU_OPS_FAST_FLAG,RETIRED_BRANCH_INSTRUCTIONS,MEMORY_REQUESTS,PERF_COUNT_HW_CPU_CYCLES,HYPERTRANSPORT_LINK1,L1_DTLB_MISS_AND_L2_DTLB_HIT,DATA_CACHE_LINES_EVICTED,MEMORY_CONTROLLER_PAGE_TABLE_OVERFLOWS,LOCKED_OPS,CPU_REQUESTS_TO_TARGET_NODE_0_3_4_7,L2_FILL_WRITEBACK,PERF_COUNT_HW_BRANCH_MISSES,INTERRUPTS_MASKED_CYCLES,INSTRUCTION_CACHE_LINES_INVALIDATED,DISPATCH_STALL_FOR_SEGMENT_LOAD,ITLB_RELOADS,GART,SIZED_COMMANDS,RETIRED_INSTRUCTIONS,HYPERTRANSPORT_LINK0,DR2_BREAKPOINT_MATCHES,RETIRED_X87_OPS,INSTRUCTION_CACHE_VICTIMS,DATA_CACHE_ACCESSES,DATA_PREFETCHES,CPU_COMMAND_LATENCY_TO_TARGET_NODE_0_3_4_7,DATA_CACHE_REFILLS_FROM_SYSTEM,PERF_COUNT_HW_CACHE_REFERENCES,PERF_COUNT_HW_BRANCH_INSTRUCTIONS,PIPELINE_RESTART_DUE_TO_SELF_MODIFYING_CODE,REQUESTS_TO_L2,RETIRED_TAKEN_BRANCH_INSTRUCTIONS,PERF_COUNT_SW_PAGE_FAULTS,RETIRED_BRANCH_RESYNCS,PREFETCH_INSTRUCTIONS_DISPATCHED,PERF_COUNT_HW_CACHE_ITLB,CANCELLED_STORE_TO_LOAD_FORWARD_OPERATIONS,LFENCE_INST_RETIRED,RETIRED_MISPREDICTED_BRANCH_INSTRUCTIONS,MEMORY_CONTROLLER_REQUESTS,RETIRED_SERIALIZING_OPS,PERF_COUNT_SW_PAGE_FAULTS_MIN,FPU_EXCEPTIONS,PERF_COUNT_SW_CPU_MIGRATIONS,RETIRED_FAR_CONTROL_TRANSFERS,LS_BUFFER_2_FULL_CYCLES,L2_CACHE_MISS,DISPATCHED_FPU,INTERRUPTS_TAKEN,PROBE,MFENCE_INST_RETIRED,L1_ITLB_MISS_AND_L2_ITLB_HIT,RETIRED_FASTPATH_DOUBLE_OP_INSTRUCTIONS,CYCLES_NO_FPU_OPS_RETIRED,IO_TO_DRAM_REQUESTS_TO_TARGET_NODE,DISPATCH_STALL_FOR_REORDER_BUFFER_FULL,PERF_COUNT_SW_PAGE_FAULTS_MAJ,MISALIGNED_ACCESSES,DECODER_EMPTY,L3_FILLS_CAUSED_BY_L2_EVICTIONS,PERF_COUNT_HW_CACHE_BPU,DISPATCH_STALL_FOR_FAR_TRANSFER_OR_RSYNC,RETIRED_NEAR_RETURNS,RETIRED_NEAR_RETURNS_MISPREDICTED,L3_EVICTIONS,PERF_COUNT_SW_CONTEXT_SWITCHES,MEMORY_CONTROLLER_SLOT_MISSES,INSTRUCTION_CACHE_FETCHES,DISPATCH_STALL_FOR_FPU_FULL,PERF_COUNT_HW_INSTRUCTIONS,L1_ITLB_MISS_AND_L2_ITLB_MISS,RETIRED_CPUID_INSTRUCTIONS,SFENCE_INST_RETIRED,HYPERTRANSPORT_LINK2,RETIRED_UOPS,CPU_READ_COMMAND_LATENCY_TO_TARGET_NODE_4_7,DR3_BREAKPOINT_MATCHES,INSTRUCTION_CACHE_REFILLS_FROM_SYSTEM,L1_DTLB_AND_L2_DTLB_MISS,THERMAL_STATUS_AND_ECC_ERRORS,PERF_COUNT_HW_CACHE_L1I,ITLB_RELOADS_ABORTED,DISPATCH_STALLS,PERF_COUNT_HW_CACHE_L1D,PERF_COUNT_SW_CPU_CLOCK,PAGE_SIZE_MISMATCHES,SCRUBBER_SINGLE_BIT_ECC_ERRORS,DATA_CACHE_MISSES,L1_DTLB_HIT,PERF_COUNT_HW_CACHE_LL,MICROARCHITECTURAL_LATE_CANCEL_OF_AN_ACCESS,CPU_TO_DRAM_REQUESTS_TO_TARGET_NODE,RETIRED_INDIRECT_BRANCHES_MISPREDICTED,IBS_OPS_TAGGED,MICROARCHITECTURAL_EARLY_CANCEL_OF_AN_ACCESS,CACHE_BLOCK,DR1_BREAKPOINT_MATCHES,MEMORY_CONTROLLER_BYPASS,READ_REQUEST_TO_L3_CACHE,QUADWORDS_WRITTEN_TO_SYSTEM,DCACHE_MISSES_BY_LOCKED_INSTRUCTIONS,PIPELINE_RESTART_DUE_TO_PROBE_HIT,INSTRUCTION_CACHE_REFILLS_FROM_L2,SYSTEM_READ_RESPONSES,INSTRUCTION_FETCH_STALL,PERF_COUNT_HW_CACHE_DTLB,DR0_BREAKPOINT_MATCHES,RETURN_STACK_HITS,DRAM_ACCESSES_PAGE,DATA_CACHE_REFILLS,DISPATCH_STALL_FOR_LS_FULL,
37125758,199766484,592,114384,184075,3694817,4684092,163794,46071,5961857,245851933,2507693,565514938,28534,4010040,0,56157,1229387,0,12239,3772570,0,4000104,48537712,17683,3798174,0,206607,282663,83817716,12867,502178162,265549595,1497535,5167125,0,27554550,0,11306814,5294823,38200378,286,1174148,93591,0,36647,441298296,265534556,0,0,4136173,219262129,0,0,1297346,141478317,80550514,0,17172493,57408450,12570,119146,8004,0,866365,23,5272941,12670153,3210,12569,0,53,40594,20949623,2823550,4156526,336,8042050,85679,1502394,1098548,516889901,676,31762404,1,373674,150174523,128609,5362052,440867,8199718,199927,19664,240,14021822,156309134,11060,411080459,51514,217,20,67803799,503486567,0,0,847703,122840,555349896,3962906,17439,164488983,2844826,245794568,0,0,2750950,238227424,1702286,19105678,6790294,1495020,0,80208396,5706465,0,20627,52852304,7622020,48445,99888,3162299,2367821,367548317,0,0,11007401,5938549,3698914,61983488,
22662953,189234386,8500672928,27054,223803,3285893,5034346,253446,3459,8231468,77503766,1782485,521856504,44977,1389298,0,8191,1145501,0,2566,3141855,0,3560662,38294041,19722,42210453133307,0,47525,47411,48121940,12512,5294846512791136,133810126,24766441464023,52658514193573,0,37519357,0,12377219,1147704,61117874,110,663636,43792,0,51325,238606014,133798271,0,0,4829735,90113707,0,0,14639719591251,1349682078624234,20101815,0,18260079,77338721,5243,67204,2392,0,1935750,107,3994383,8328594,323,5243,0,21,33430,18979025,2471775,1732335,362,8094834,51082,230546,687589,341153708,61010,46144839,0,6230612214819,68199511,107604,2966581,429282,4854609,172508,23759,533,316848426,125716641,6260,3892454256456851,653076304036,96,12,54224503,310422513,0,0,484481,2308478220206,669608926,1201603,6362,87796484,601794,77491782,0,0,26052583935307,203302601,516629,374411605378313,6219373,265694,0,17854122,5595728,0,34607,40756947,7888548,19044,51933,904906,2749489,7800708073005354,0,0,211038139244010,133551455,36358187376183,86462502,
17927040,528604514,18458939,12031,489439,1973244,13977862,579042,36047,15800225,154681136,1744481,1723142846,65033,1935893,0,4983,589717,0,6323,1411066,0,9005817,89148817,38663,4343144086586,0,185015,240367,140381525,26762,447800678829,4754429691102114,241162371524,4719433382855,0,46490101,0,31568599,1098566,118275946,154,928451,56446,0,169690,722533784,4753216075109075,0,0,11968771,148283777,0,0,1572868169585,5114104174812,36826163,0,44566449,33087335,6261,290419,411193769773,0,3723975,401,1642713,23457184,274,6260,0,26,7516,55338676,5702121,2126469,469,23509894,196174,59663,726064,1237260345,238725,110803794,0,0,52172702,43028,4572527,1122515,18380295,632564,61313,2374,78435109,224305601,10913,22743003952481,36573611,22,25,1204103599201283,912646649,0,0,140478,0,1157876818,3785446,22865,96314389,1776281,155194672,0,0,1025960197450,144600545,603156,66077181336175,18069589,1728052,0,1351515530643426,17073915,0,89778,24245853,25891195,1572432229251,44725,1795194,8984259,153369998169385,0,0,23343886970,33185977,3282690882119,248690960,
216560047,121797310,35546515,440073,1017811,1646859,8962296,225474,18861,6827938,196974981,868327,987761762,46238,2379447,0,197939,563842,0,8728,4790056,0,3955619,40504954,172515,5516774032020,0,96832,125847,13399970,120579,43109626781,4365068564198,291259592742,7258915569932,0,107592657,0,19291279,1601024,63343395,263,580880,91838,0,243570,70871817,4490914604005,0,0,22988576,380130031,0,0,2334548399465,4637540632990,49956253,0,24745228,103258153,10442,122549,103914120870,0,7621161,61,5883927,4263173,10869,10441,0,43,38971,108481100,2840505,3381941,4301,12154270,89338,100577,361218,406176364,149784,61630542,2,22367871444,720123185,39787,8078955,543545,6498613,263458,38316,4465,44033026,61689079,1059,9427766286526,8278050,155,4,287906089105258,125162095,0,0,168076,84811536198,480516823,29281066,44505,986143810,15601515,197757572,0,0,2465552465392,656674964,7329185,41616785583404,4030019,330110,0,388416364288,8758002,0,31833,20583905,14278498,324197808363,144789,2211307,5562981,150813504181720,0,0,577583134360,18991326,4385064034449,149462376,
180194468,155203013,12286219,378370,686865,1467807,15548269,536167,15934,16676073,507285354,587607,338480165,128190,43678519,0,168374,5533838,0,1221,1315715,0,8885382,95135016,212028,1918793420036,0,81870,106452,327260139,144314,1558480597968,20962870820014,77409172973,2580243205783,0,198190519,0,34879629,5237350,137033922,44,748547,22866,0,487543,1678067207,21536890073216,0,0,14108996,122699243,0,0,884430608504,5929648120533,134475235,0,47650901,33748681,1705,315123,60062643765,0,4074582,102,1447301,5264304,9182,1705,0,7,4424,209363564,5856408,136390,4627,25759797,179587,7015935,244311,1028685979,114437,126182804,1,1330659491702,570223448,41123,2493268,1146482,19290438,680993,67889,8905,74289612,187411494,5045,9276971721999,2632825,78,10,348842489150055,2188194210,0,0,6366369,72323712485,1208458603,27423707,28437,839764950,13734261,508833562,0,0,541470748436,484145778,5433071,26505418139080,5417355,1427121,0,0,19224630,0,75959,18922470,5219857,196371519591,248539,37311253,2131850,92388917246950,0,0,1552905672185,31980188,1726140426110,287433237,
132528056,809072635,88577706,306775,1109531,1327743,9686166,405905,6816,4612264,844020469,569872,1060406559,49784,3777641,0,136074,2285668,0,5725,4493377,0,13325234,140058457,107446,2587370877168,0,35036,45582,246155203,71463,1391294351085,16779198618138,342697793207,3246523849583,0,109121734,0,13878654,8545422,60938304,149,127162,62218,0,312283,1252741518,17236355015200,0,0,27188648,348430444,0,0,1083102558359,3237077020389,228085256,0,19036739,100955983,6649,124561,42806927412,0,8264061,24,5351180,33709097,7449,6649,0,31,32421,118431645,2127433,849411,2847,13728004,99664,4286965,234402,1341558696,475400,193307846,0,854238105386,408525528,35956,4697624,559526,6443350,247966,31989,6050,37289556,46752347,146,23330970240269,7912357,160,2,236306547896003,1686513997,0,0,4635262,26213837832,249186858,23120661,20173,672330693,11602880,846542909,0,0,1089087736875,51884294,4231971,20126484216380,27573528,293089,0,44992381466176,9879466,0,54920,16372797,15508297,135119495326,132359,3946650,6079051,45505747813606,0,0,61131765800123,15973415,1901833804558,159847909,
87782980,597879394,64116354,111793,672521,1375450,15772712,768858,15177,21140641,446641709,14017013,1763232785,74456,43129902,0,50435,882408,0,3962,1425275,0,7338711,84708202,412196,1260884624192,0,78025,101496,163073924,284858,1305148423113,12972986836963,63927831582,2063375006194,0,171354497,0,39617836,3840839,130560585,26,455028,13446,0,287379,830266387,13325598319733,0,0,15736448,582595349,0,0,633979428355,3854471876882,115124641,0,54746184,35168157,9132,319786,35477110295,0,13126098,359,1559552,24073019,2677,9132,0,42,5582,183591504,6647501,419162,2352,4639524,201821,1686914,5645945,415157477,358662,120837384,0,662110789462,252590931,37232,790988,1165255,19075852,758070,62074,8957,69289903,211976691,3447,20191223783163,46715167,263,8,174615295555,1132794589,0,0,2377559,20395887852,1446519975,18771845,39886,454548035,9596654,448686371,0,0,564500304174,1220912841,3148820,1060060699091,20892271,1336314,0,208345890267075,3216175,0,103029,19111896,26950752,104487450262,216582,38493844,9575991,57623394225109,0,0,84848176435491,29601970,1457518978353,300456100,
18135262,343236237,63686059,130914,1078994,1513559,6301903,5470901,6487,4643459,708540912,463534692,1885795288,39955,5766968,0,57868,1925826,0,1184,4116553,0,13155811,131344832,339991,1194359622879,0,35046,47663,19808481,229665,774152598046,9249124129365,266222257720,1958912033699,0,222737569,0,16796995,7017180,63702297,148,76571,54448,0,984217,87155665,9500378472624,0,0,24422408,1073360617,0,0,580724257586,725742775345,194922484,0,23387867,103907424,3930,107181,11578558057,0,24890015,194,4864333,12732463,3152,0,0,0,25216,248220521,2736452,5951959,1348,70106197,96474,4340418,2059539,1015225433,390052,189234525,0,711921789690,42438928,41143,4499555,424088,6658482,254059,61164,3345,26362299,69140624,2217,24062975010410,52356307,17,3,0,177775149,0,0,5540036,43543183250,270125680,6118324,26891,119172231,2753923,711165555,0,0,665557041839,811733534,517259,28197930445126,11745131,369365,0,130153143791368,51581914,0,736285,20855944,27723044,44364172918,263676,6047311,10662305,33415642568954,0,0,37634193465724,11235498,1276424068128,123642495,
207639451,466404920,73707324,95225,1313914,932198,12018102,22732,304584,4716210,744829123,1394332087,1654681143,69015,33314393,0,42827,2829700,0,1921,5404929,0,7897959,85797066,240388,1723909747127,0,1637476,2183088,364207552,163656,769439342072,8098198299212,183984745985,1079507764163,0,63469893,0,39038092,6991215,125065646,105,409238,45156,0,78462,1856962750,8316788167822,0,0,30537623,103599787,0,0,348084626014,3472168303302,196419580,0,54318055,116279199,0,316557,36127304861,0,4048161,459,6341862,17682783,2237,14006,0,17,33677,75321862,6587310,25839343,5947,11593627,178403,755950,2194226,1776873198,335610,126130283,1,167734622176,639722437,26374,975700,1032966,19263684,730418,33390,14785,58057709,202760264,75033,16031129491098,122962075,21,7,0,2526671422,0,0,968852,2196279575,302614530,41884756,12808,1009771873,20480455,747794450,0,0,275584946250,396680625,7521885,10170334343247,15990928,1333978,0,95404300102335,8325100,0,48757,11045794,26075951,41055140728,75910,30937080,9431215,11566508664761,0,0,33525228593745,24875620,660780934275,244160974,
174690272,151102613,66566568,91460,620362,1524187,1286337,508275,96465365,41783457,330299743,2005910715,940834520,605,2558371,0,41215,969807,0,73817,1149601,0,1717274,12615047,241193,989312183228,0,34130411,81997758,267614440,172013,903270026099,5579667426105,0,1432979423031,0,141784712,0,17549034,2880388,38145810,34,11594264,14474,0,233636,1364331408,5730218481285,0,0,12679229,368042423,0,0,445214512002,50872275304278,79444452,0,24155194,29501999,14006,367972,9774906330,0,9780557,227,1108980,4109635,2146,127242,0,0,4671,160493910,3178002,165613490527791,5050,24531811,110295,1170874,2860915,771964504,104465,28406747,0,119560144610,522622555,41607,21945678,295750,22769179,937285,8936,7403,23916847,106952892,74106,15560767559399,0,87,0,0,1885203097,0,0,1668893,3123075726,2935805700,36271300,6945,835047846,17364278,332486959,0,0,437142980441,397197985,6198274,7223899047381,5503626,1504061,0,137696091018448,18427300,0,199790,20794498,14493954,38350271267,182780,2941588,6044359,314566918990,0,0,14685479476413,9968549,950551104395,62165830,
123808849,436118421,73312822,99222,530097,1520732,4080639,1347083,6284075,289030071,586227347,198369752,562148312,26866,3890362,0,44408,1218302,0,27900,1993895,0,11291096,112036248,188463,848258537518,0,4191788,109811422,215215482,129880,744303697591,4076805911693,3660391688,639981390842,0,38912087,0,14987121,6133603,79209047,2136,8005498,20381,0,31551,1064991180,4186804685296,0,0,11533804,54910799,0,0,218753634322,24923144470265,158325821,0,19442955,47658744,127249,99518,12599865586,0,2649298,45,2222433,17733368,2317,8915,0,61,8158,37482841,2428988,453384925781715,3452,8390503,71390,1539506,0,258559556,256437,162614784,1,121707377204,380770170,41867,1804717,299611,370621756,232735,21233,10151,18505518,48382106,154,4790697993539,0,2129,1,0,1493407248,0,0,2465715,3217444521,291847303,31169909,27240,664615716,14686713,588630652,0,0,160893074030,256234680,3643608,0,15223718,269930,0,92879796015859,5678983,0,85075,21904725,7816952,54468973765,89413,4099719,3255915,13639862706923,0,0,41806556949310,7785795,768458861135,93206885,
81579931,8967743112,65787462,118518,811229,1819916,196474445,836895,155871215,8226712,120106568,1823000207,2037432449,1202062,66044231,0,53754,48219729,0,24585,3438014,0,5278099,58562421,60120,686371163659,0,208921602,95600400,141540566,51031,1665473162955,3107744086540,2282250133,1171639305805,0,108500137,0,710824413,448408,1881748688,11,358508,942935,0,5114872,694028713,3191561206111,0,0,18823907,230761886,0,0,371290435798,33760541297488,19897415,0,38382690,77673549,8915,5839096,4854614792,0,5928467,3375,4088676,383265034,2811,27461,0,519,20801,109835111,4678384,702482193674426,2094,385034114,133883,77332,0,951712729,5477282,91081949,0,126978073510,231764809,47842,92609297,14813326,225929606,13563771,744978,4254,29365838,127493645,36808033,2249840112241,0,445238183,221,0,989051082,0,0,603578,3554559859,20198981551,26140742,10739,428706329,12247592,120640595,0,0,351568266119,50768592,7681189,4256456978895,306935754,26253395,0,134456650306575,280179061,0,16408,21365006,32470571,19494682559,159302,60503453,11533406,62256821003317,0,0,15111894852726,12283941,257451062192,3699571230,
21264241,208324375,59954521,232537,15783946,116346768,50156419,383542,5462003,5940283,297948562,728568059,23952166394,501496,28118811,0,104369,2371558,0,33649,90005329,0,170231503,1865797264,378855,203861521935,0,258518909,97719198,29677300,265223,5086847299811,2450132217743,121484992409,611053179239,0,140418800,0,7488818,1886057,908176289,827,21846631,349158,0,121121,137622031,2516209380778,0,0,356719212,657590781,0,0,233968795284,42276893750566,72911889,0,1005503725,2122627063,27461,2078414,6063092976,0,16556855,593,108245388,60061695,5521,63763,0,3,691131,139324928,127363067,67744278448936,1359,12717508,2639844,129328,0,655518576,1029299,2457116927,1,129236144830,44255960,3357329,39929127271133,4693996,315145338,5337030,79612,0,875948637,4711840914,432091,14358099972054,0,338527,34,0,229307960,0,0,411891,2999597237,778827727,5691995,31581,111952651,2423872,299389571,0,0,148504439134,867145245,4622645,12807422964539,1985989,192003,0,97667613869208,9586902,0,32852,1506539706,351146823,3631332133,154329,27149606,130872135,62272065927555,0,0,17893369919155,369104422,193846191995,940536969,
208782069,290597734,32680929,205352,73474734,16233202,120876135,422386,135890427,6008962,124405192,1589158039,2254418580,4014,7861806,0,154398,2228228,0,0,1168777,0,72603310,68945925,326888,542185498375,0,183607999,15104924,302174471,225561,2118054258879,1980582884216,106480743179,221019902392,0,2832147719,0,10092404,736147,11908839,2,23600692,367,0,1564218,1517970856,2033972129700,0,0,136927780,8383229657,0,0,91083109638,21989693117226,23864213,0,20257188,637608620,63762,2734790,6779082649,0,201176060,680,3111089,57626742,6784,25430,0,13,59142,2964510997,1182366,87034810337611,6177,41788994,470065,861369,0,26732464074,971473,215545943,0,137090385565,620512601,401190,483503690100,10567785,232680222,306324,2160,27274,70118945,1636215584,15538139,151222029934103,0,395837,0,0,2107259359,0,0,781456,3144639331,1353490496,53631783,7267,992743002,24884662,124815184,0,0,499784654246,713758669,4957114,2346710558197,3745229,5226782,0,63626571225486,24470267,0,38183,196762887,2933787,23323225941,3973706,8418618,287958,53621253919151,0,0,13885931817226,27779391,746813517072,1507221704,
175899123,321023039,33872041,25192,21451414,3799320,10274051,416813,558072525,8668517,12508793945,1728368154,1269134249,580008,35102036,0,14655,3843479,0,0,6570,0,80694367,215445588,318356,459930888153,0,122055628,14070325,126279415,212699,3018303517408,1633990433386,108894714524,1223608466771,0,9144180,0,10348572,119986489,108650,1,32376227,13899,0,2381,647433692,1678036917877,0,0,25768158,1914805078158246,0,0,357720888122,23466958217592,3337989816,0,22120363,665509845,25428,233161,0,0,41585868550551,1964,3313913,51549742,628,4362,0,6,2868,7785657,118378289,127315077182410,4980,4406777,570293,25411512,0,1477585327,3846873,33317626,1,110281430290,509756279,69949,438255633767,569864,76031199,94546,1512,162420,52716078,654397247,11605269,332699016217784,0,0,0,0,928989004,0,0,681261,3174452959,2113986430,37593333,20262,873870299,16976809,12555797000,0,0,433690802377,534353461,1291001,2585801881781,3340253,14616714,0,54542806571962,7397406,0,49044,38983489,1969309,19439494127,298055,33432484,51579725,48359314618628,0,0,4889374874242,20487587,34833066065,2406197494,
80923946,253031951,30716836,64673,58851160,21699949,154665273,482586,518538502,4565592,797342581,1606465457,1790374386,896252,4996445,0,34023,2346642,0,0,720245,0,6591878,1108011892,7814,494389566791,0,116277316,10784419,36040859,42,5546544905458,1370481557827,91946821418,1025926555900,0,8483655,0,12422532,5712659,183279,944,0,11975,0,4627,149018375,1407465464522,0,0,24261924,397398699791831,0,0,19104855074,22653407324833,529700179,0,20830555,271090673,4362,4230470,14273525954,0,960314852286,0,3275580,58189578,1644,262604,0,7,394910,81945028,4235592,97349440916739,1532,7290058,63104,4774125,0,460925213,0,28576452,0,100521207225,240187218,617604,86749799209,14887447,230954473,84977,723,53156,8415226,744710609,11977055,121230225340967,0,0,0,0,247765227,0,0,125462,2984674224,2032942281,32361535,1734,445745419,14234357,795464623,0,0,291641226342,43550857,3236788,9976841640847,6763228,54428,0,147204146240454,3198900,0,23327,262640578,3183436,0,311653,5797496,237986,39107146160091,0,0,17246040922114,4686615,598256276357,1128515448,
64361828,135632881,40330650,73691,514610,18238285,0,265994,394607260,1441808,677897112,1507152596,1708595544,0,51848182,0,39508,2001089,0,0,453518,0,115716227,61167550,534194,354040848759,0,88396580,13205347,349419030,377169,994004058079,1165191408804,98865888861,20374165054,0,8373260,0,12369117,9677606,293148,17,0,9017,0,6664,1706866761,1196585925954,0,0,25754402,350642633221099,0,0,322368803178,12714135742995,470607990,0,28231256,337064498,262606,0,1631621229,0,989178573172,0,3777339,63977061,1902,194652,0,18,452551,18604157,4214154,90282948614648,1899,2894290,1705994,18602486,0,2205665020,0,17557753,0,91360740375,137175780,521088,15154942698,0,193944407,15690,27093,57095,27182812,665913276,11825354,155923405858873,0,0,0,0,2390630762,0,0,1567470,2773724055,2040011522,5520222,508438,195097730,1177218,665336976,0,0,289144292323,1023053452,94518828,5622334480832,5710550,94268,0,104901198357510,2915063,0,5129,221757334,174706154,13144313864,2247560,49383311,4227937,4382554902777,0,0,14612425857029,11104128,70650119371,631470608,
66994494,181785923,43440926,87693,373663,2411222,0,127389,474450172,8426281,645908656,1397316077,1570512328,0,26968250,0,48226,907118,0,0,583240,0,0,110785434,8517,370666938434,0,104663915,13716346,95564313,3738,3551541129397,1015632176051,120803151792,633049065861,0,8272457,0,11357468,1993133,637780,1244,0,10790,0,8420,414656763,1042755932143,0,0,22458328,313891469095757,0,0,28329612504,24363802527384,408485621,0,26820512,218240094,194654,0,1382652064,0,485586859170,0,3827384,51150618,2237,269642,0,12,6465,21686261,6449516,65743619950986,1524,11214659,0,17256026,0,2672737090,0,33172567,0,133445503115,194965844,84302,3980918216,0,180442259,4636,7249,11636,8338022,673154227,12062851,230560327347285,0,0,0,0,638120956,0,0,40497035,1991660052,2026673254,17177638,130926,360694339,6817818,636325899,0,0,84755590989,5946794,5292555,349061175897,5721210,34895,0,89075927717955,4750316,0,36820,20572173,1661598,4894771231,2144024,26364585,8672214,862341195795,0,0,2182545338140,5486572,381003588631,891304430,
121264677,180596599,37382604,3307633,452618,7354844,0,350735,486864192,15886408,803313652,1018616836,1722116578,0,26201021,0,1429875,1401361,0,0,37485254,0,0,52343114,179803,452950978608,0,107993966,11707458,63484510,2607,6061730718476,873667114817,89672913019,34561768679,0,2087359184,0,535875374,2456664,73206,0,0,22605,0,10106,285391041,897223368230,0,0,22206556,90638900424164,0,0,180525005638,29962923260044,203411654,0,26829747,435222219,269645,0,0,0,450106410628,0,5673344,43391253,70328,0,0,20,1335272,3001473483,9296701,77388237233454,4199,5178819,0,16031904,0,3292459158,0,2526977276,9,65508300520,351151390,217617,39846107123,0,44975660,78420,658574,90991,19722300,674452722,10873288,78720887440089,0,0,0,0,438339921,0,0,7973786,2192048395,2018510103,30720637,24387,570109993,13647257,795823219,0,0,5297315334,80628145,761276,446432735413,4086620,84400,0,75511785682467,5677971,0,80667,85066723,17488957,7210244873,121959,25789164,7936082,1179327711382,0,0,2116770853810,10612787,57962339765,629059019,
182219414,156091597,27774168,193333,629204,1350422,0,671983,404544911,11767635,701669842,1042441013,1563504810,0,19472714,0,185425,1649201,0,0,1482868,0,0,607456317,66849,182922567129,0,89772118,12341411,213005671,123874,5551842788934,767916470266,70189067679,681079075150,0,105455952,0,13592142,3527805,1466036471,0,0,10454,0,11618,1078439538,788596709958,0,0,20776921,54016629032550,0,0,16139012642,28463552258130,234819068,0,2792503,348732773,0,0,0,0,466701523565,0,5358900,40398483,8875,0,0,406,0,57133324,10378743,65925495453915,4745,6690041,0,15429271,0,3108857539,0,19917454,0,51409301816,536082162,50471,66290655101,0,36875875,86074,18787,0,23667102,708889888,10414155,141462644282249,0,0,0,0,1520419343,0,0,3623965,2102989264,2013105078,6787658,59477,885855766,2351218,697191907,0,0,328639879129,330466337,70682769,501812968649,6013148,87695,0,69139556555522,2578091,0,47109,7236134,35308639,0,3679947,19479717,7765311,10251285807688,0,0,1808191764671,11345527,424681254819,639395715,
88280346,1880275860,34055154,88852,334927,22100002,0,434637,429204071,222414574,647994479,1012095832,1584974191,0,13539614,0,1407,1134484,0,0,1091014,0,0,1023103505,76262,145618088963,0,94816461,14784261,31302037,44071,4782231377187,679924980512,85282626603,88917267310,0,55934566,0,3393173,1437913,2100216039,0,0,6187,0,12789,143949329,698230999230,0,0,19144539,175978560360701,0,0,31992074423,47776669011569,330176246,0,4202522,312659457,0,0,0,0,419137031462,0,5466355,25037063,8171,0,0,32,0,6028352,9398139,88202154714405,2485,11665234,0,14508076,0,2871021451,0,19113650,0,52678721441,295620964,577183,79274866941,0,144617908,45502,3692,0,24682011,487181817,9306260,179750250435152,0,0,0,0,227249098,0,0,3872147,1872772300,2009490843,582611594,34812,547603868,278667685,644928454,0,0,91963366092,133789315,1593792,556656099733,5319430,83729,0,15765992193413,3099148,0,1040537,271890553,32267313,0,0,37861221,8081783,13945877683904,0,0,1682859228157,13910875,81864967763,613625154,
3049393837,296604543,31560866,199759,767076,1395725,0,7809501,506707709,6999758,740266877,1017946233,1559199835,0,3319043,0,2067,1481174,0,0,1089548,0,0,933875740,400530,170994160707,0,113359580,26353240,6204992471,50880,4063258229835,606035275361,55362480878,233276170893,0,107003553,0,3730713,7272864,0,0,0,5144,0,13983,33701322677,622368720558,0,0,18596322,111599889558344,0,0,133242259029,23600829386857,358304638,0,1259211048,295049195,0,0,0,0,384481124272,0,66895708,27933165,288,0,0,22,0,5965200,9351958,78157868190984,80791,10811075,0,13201190,0,2715231528,0,27654709,0,50251117997,9116317154,10860970,75483834797,0,126080729,40595,5205,0,19674899,125901244,8610247,143540964529486,0,0,0,0,43972443693,0,0,10309860,1495447898,2006829411,166206942,40117,16556737545,123789969,737596739,0,0,35152030750,73680269,1220237,406382330726,4284481,110798,0,2131667623117,3398365,0,18496,6894374,31548837,0,0,13807361,9000252,12853176463519,0,0,1657340990678,10677154,51526222633,480976304,
622383376,197820056,21255416,1799141,993351,385774263,0,282703,428611694,12837842,641428546,981057221,1549767578,0,13932936,0,1647,1680993,0,0,927981,0,0,911372044,71866,39964783660,0,112217392,20205096,689462636,272011,3207661178229,543857813327,63825020819,113437225545,0,89108342,0,4367979,139262152,0,0,0,7093,0,15091,7785211904,558492681859,0,0,12090650,138269381807060,0,0,21673797744,18977309351666,263091288,0,24279721,3308196,0,0,0,0,359966409999,0,2279780,24698277,12493,0,0,28,0,1475792,9665268,68834811153002,26754,7637477,0,12691136,0,2608044689,0,34803366,0,40864530814,1835131470,14138,107635613679,0,2026476051,38757,3099,0,29704464,133423282,7181350,115797642840317,0,0,0,0,7137129472,0,0,0,1764511717,2005040899,32605556,27655,1417570629,487425,639572906,0,0,87925853031,870160461,1132100,510228218006,5694040,73202,0,1357930191397,7516335,0,45394,4782790466,32775475,0,0,5618565,7490226,11701917701767,0,0,1717684093229,14649952,35501501068,73282018,
8393993,221350058,29972632,3280634,688642,5062424,0,458756,441598472,11368169,588010891,803003596,2052130639,0,5135397,0,174990,1597071,0,0,953014,0,0,870618732,7333931,119955398269,0,112958355,19012850,557413769,50888,2940673198337,490123349728,59055650210,128870528187,0,96212499,0,5128415,364505,0,0,0,15493,0,16191,8537257538,503319707870,0,0,25730112,107842630770265,0,0,60056482647,19190570223162,241879219,0,15715316,14742477,0,0,0,0,399823361458,0,1822861,25572596,0,0,0,8,0,8584468,8447897,71356908040246,23,6923079,0,13991707,0,2530485177,0,37152043,0,36584326153,89292613,176847,91438603621,0,27988354,55430,6364,0,33895674,149423167,32390453,236271658534061,0,0,0,0,7509745260,0,0,0,1674107341,2003335454,25438460,28411,515424165,445745,586589092,0,0,2219823113,20116941459,1051867,497956399237,10616156,134276,0,1360968711327,9769788,0,44756,143336448,36560988,0,0,31319019,7298322,10789952017764,0,0,2051109243619,16601281,51346925923,12560301,
8909113,10038121627,347474621,2723611,4037951,2014810,0,450233,419921905,9654591,787958346,879826699,1622608095,0,32886718,0,12660,1838569,0,0,1171795,0,0,450913529,1832844,125004671447,16,108700793,18742556,310865414,5027143,2287388966458,444786581359,50895988088,593257662236,0,153759209,0,4637224,324168,0,0,0,15493,0,17203,4958854198,456795750632,0,0,21914237,75604248500673,0,0,70427024090,1842797381493,315448467,0,17739060,288935268,0,0,0,0,830851807183,0,2074430,27832735,0,0,0,4,0,9858069,8362592,65101877831432,81,11108416,0,7855399,0,2472986132,0,60828416,0,37010781440,93397650,4620,105570906033,0,33367769,29769,10337,0,42899291,199056427,25707055,192099213290508,0,0,0,0,4442329788,0,0,0,1711093570,2002109240,21912980,11655,2258360624,514678,786447475,0,0,0,8035329940,943043,394041813952,6353797,131640,0,17366107097120,5311034,0,43838,80037155,30375934,0,0,5270815,7325852,10821221083693,0,0,1990147273445,18220121,428683308990,53389789,
28123833,196828940,11183910,3851621,2325456,2431153,0,421997,403133983,8463740,619180125,850259356,1330402423,0,4678316,0,279213,2509443,0,0,1339495,0,0,23745777,2146076,221575270353,0,102958715,18410749,353735528,1312694,1815067347261,405469910697,39481375514,156759360351,0,138423479,0,5213894,1757573,0,0,0,4660,0,18204,4029878156,416376307680,0,0,14952742,82155739558617,0,0,11187926055,971370146512,225022373,0,20386169,300171530,0,0,0,0,906087738455,0,1911708,35476760,0,0,0,4,0,8681400,8549640,60042293908329,132,12593531,0,12130198,0,2049734984,0,145591578,0,40646072544,121423538,45113,79078890712,0,31148953,34318,10212,0,32062057,207408412,24876230,262736792464263,0,0,0,0,3424108393,0,0,0,1567544088,25982696393,20166515,1753,2602570702,359836,618134664,0,0,0,6725830284,1365082,419503954440,7134554,34904,0,16073571496637,5650188,0,34562,3638855,29623411,0,0,666707669,8691233,10675181870373,0,0,1858964277793,14471230,17069547122,77427487,
9532755,156970078,24690089,0,1523932,166397917,0,355825,386091143,12614576,673562455,761590984,1628353030,0,707211328,0,0,1776226,0,0,1203517,0,0,10065433213,135833,130208472920,0,98970312,17659793,513801157,105,1474312929121,370608686189,37227179151,1107675179087,0,27766318,0,5150557,1144796,0,0,0,4448,0,19022,5578990334,380619041159,0,0,14942067,3436866404083,0,0,142502996256,1272003835348,448271205,0,17978305,306983761,0,0,0,0,828270708462,0,2017473,24085722,0,0,0,7,0,17075481,8065540,54627169047311,172,15831779,0,12609908,0,1764594140,0,96942246,0,44444987243,97048558,4450247,79924195365,0,33167132,30044,6610,0,34550276,329045084,23033853,172064775819399,0,0,0,0,5874604841,0,0,0,1461595016,2005048169,19184656,25694,1741998178,647615,672566419,0,0,0,6269013402,1386617,301359096891,300106751,338463,0,12029188361557,296787647,0,50657,49682150,29689596,0,0,126282810,6927726,12220810240762,0,0,1565348637110,15753431,677862978374,97156382,
4977615,159172339,21166139,0,907842,7836973,0,488124,369878121,11744475,770335757,787307207,1630051735,0,134257796,0,0,1776478,0,0,778577,0,0,203227351,3139070,200397688127,0,94716281,17191561,328364640,359,1222240310384,340512590123,39601861203,869002787657,0,60142900,0,6489629,1615091,0,0,0,2976,0,19815,4005598237,349653048964,0,0,17966659,20862926482577,0,0,637627117,1172264060564,9001213667,0,15575875,4097193032,0,0,0,0,803403050830,0,2164981,30630074,0,0,0,15,0,75811426,9132978,50791253629271,229,11802852,0,12365266,0,1803085025,0,72527064,0,34576595235,97754659,98055,62540968771,0,34768638,35708,18880,0,1039015464,638730479,27202918,57770989395814,0,0,0,0,4016265225,0,0,0,1620052717,2003889539,18911846,30331,708864015,764484,769396219,0,0,0,3325876054,1027008,340139396583,7410124,268249,0,10607250945588,11146683,0,69722,63822366,35260929,0,0,35560989,8912457,12060508522467,0,0,1315010895780,448352014,1909229846994,143390876,
36288641,169728961,26971715,0,1092478,2078137,0,534765,358175052,12378916,709293754,842186296,1738130315,0,34778930,0,0,60736516,0,0,591311,0,0,227977338,0,283676247463,0,91440727,16214495,331393033,609,869226453263,313860245271,39444680985,678836718968,0,15622128,0,1908911,6611838,0,0,0,3454,0,20589,4474410208,322306101202,0,0,17014135,14928229406044,0,0,81896758336,1056953021698,78322274,0,16679995,76332999,0,0,0,0,727683479892,0,2486263,750621358,0,0,0,12,0,220101037,8490878,47608067500606,242,14198395,0,9594924,0,61445347926,0,67665464,2,39212614788,100945980,22904,68313373058,0,30489770,56063,5948,0,31469085,618649579,27108543,46970570993547,0,0,0,0,4592418392,0,0,0,1398189417,2002934520,18121467,9347,825865878,527437,708539139,0,0,0,3186685888,1016236,238692523420,4719293,325014,0,12437822359107,3602929,0,49859,9118014,28048996,0,0,32795751,7762271,11230707445946,0,0,1656872210655,14098114,1490583624051,454245868,
43262296,224603895,21689960,0,1612148,2005174,0,469326,346333553,8509035,817438262,932285108,1683971636,0,32152408,0,0,2648604,0,0,1335040,0,0,240841468,0,92768257391,0,89692168,11935490,319145549,818,591946948374,290131932087,40936902556,664181496994,0,9363589,0,14025506,965207,0,0,0,2474,0,21281,4115412392,297923083926,0,0,19498626,12160766840172,0,0,175253829671,1353061449959,97454171,0,17027526,94644901,0,0,0,0,699287949686,0,2291886,29987950,0,0,0,11,0,241029190,8905477,58826953504081,314,452401127,0,11775663,0,32889599,0,91676057,0,26686787697,103126088,28500,3794900204,0,31844640,188061,13375,0,36348754,17988305993,25499569,38967907772977,0,0,0,0,4252379966,0,0,0,1434015843,2002060580,17424783,1763,462615894,544375,816698880,0,0,0,4080656197,995890,316340377560,4400995,308830,0,11479599209258,11907439,0,39080,60332090,36152619,0,0,30825992,7439273,9458119580768,0,0,1593467752981,16014533,1153277414413,736483434,
18632485,259069924,20482268,0,1990409,2209555,0,376778,428547461,10999729,1000092550,876179666,1618025524,0,30220763,0,0,1424917,0,0,2512191,0,0,243076325,0,742317226208,0,112489468,14368288,6369407,1104,538842492891,269087438331,34470446491,167843482471,0,3139066,0,14606415,396134,0,0,0,3954,0,21919,2681171792,276332147557,0,0,18191555,13862217956153,0,0,244552282169,1150571890973,111626454,0,20911554,103292160,0,0,0,0,630358986726,0,1303591,22466888,0,0,0,11,0,225506230,8635667,34899827058706,347,18306503,0,14152375,0,118143325,0,95466642,0,23231677186,109865144,27138,31790088413,0,32768961,10170041,7777,0,38025024,383974207,24721780,22915289458984,0,0,40,0,2176458535,0,0,0,1519233359,2001306935,24137479,1878,516838714,553247,999341472,0,0,0,4435032366,991343,266713927333,4891766,220885,0,10014629367806,10002107,0,34845,171059669,31417370,0,0,30390630,7300510,8258303485630,0,0,1093162504498,16699248,1136421182916,746001739,
9613989,237554034,20206418,0,2000728,1903696,0,365915,339099935,10348096,1000117227,619893272,39604936765,0,29801802,0,0,1878424,0,0,1721805,0,0,252770251,0,667567087895,0,398138,15087797,378222624,1205,479082447551,250212370180,42810771029,214816606940,0,8045548,0,13681096,2238811,0,0,0,1707,0,22542,2503440900,256920543833,0,0,16639016,11776868182968,0,0,371674087453,915065918100,125530815,0,17299676,100489822,0,0,0,0,646021472225,0,787005,24428870,0,0,0,14,0,224562403,7486630,21380498776156,353,15185032,0,13399285,0,132132438,0,90374991,0,22730214006,31907622,9311,6555650609,0,56685803,511872,16655,0,28697742,412790077,24957366,66818555002925,0,0,127,0,1646509839,0,0,0,1587228351,2000818549,15858822,3972,1330177061,525064,999474510,0,0,0,4665699705,1356493,288872955706,7000241,261198,0,10343840198979,5870902,0,42434,147586009,30105310,0,0,28865653,6581625,10003850999326,0,0,1381436393690,12449042,314874870041,12243862220,
30882142,237291283,18146694,0,2155254,3086305,0,400218,330693133,12466913,31990940643,647572002,1618167503,0,28316013,0,0,2194870,0,0,2346682,0,0,189855162,0,636743633040,2,1444106,15103131,368489497,1372,490514760891,233251748984,48244365053,481322876611,0,18907034,0,12201533,2848513,0,0,0,2891,0,23132,2219959015,239525888386,0,0,15306094,11007979938281,0,0,349412774358,909483826562,114065819,0,30769570,116983685,0,0,0,0,554760306700,0,2185808,22682349,0,0,0,12,0,171735865,7213117,18619869037549,345,19592868,0,12821509,0,2681427,0,87985831,0,29839496841,147741597,78338,0,0,42328577,14956359,13714,0,36909776,385547155,23373952,67850024976050,0,0,0,0,1539997997,0,0,0,1417250395,2000522599,20927000,27,1800688484,898884,32004115848,0,0,0,2661517471,1180227,156255779093,8167254,274658,0,8804127041627,6886179,0,50177,140608463,29537986,0,0,26298896,6088434,9681532735284,0,0,1554947871862,16324184,126334282481,575409285,
29204024,280047003,23665538,0,1941464,4331218,0,442367,322002946,12358423,1000101633,619003415,1699254712,0,25826659,0,0,2770818,0,0,2248536,0,0,62289623,0,519448383254,0,2222267,14886883,9208305130,1564,383032791063,217989904748,52077923982,453139032671,0,15824563,0,13110759,3264671,0,0,0,3979,0,23643,2146680542,223853098130,0,0,19154161,10217043432546,0,0,327622642113,526519749156,123913413,0,28035765,109278568,0,0,0,0,1676207312615,0,3302684,34847420,0,0,0,22,0,197501845,7408247,16966181730636,329,16756220,0,9137940,0,35099185,0,40106959,0,23353856230,126229630,111218,0,0,39521153,0,20202,0,32399348,455389029,36469217,60922535183884,0,0,0,0,1564042860,0,0,0,1232163077,1999843362,36830285,3981,1632294291,741793,998738228,0,0,0,2035089102,977540,277338997225,7434325,286230,0,7530240206180,11936590,0,52383,115176894,26550879,0,0,25644066,7145965,7120771226116,0,0,1308106004494,13852663,119375278769,643952786,
20342234,238841486,79286411,0,1812530,3104167,0,474997,316591749,12540909,1000113832,648308767,1677573696,0,25187936,0,0,2959767,0,0,2292366,0,0,189673988,0,419303174599,0,3000057,14820247,34723609,1732,343671329208,204403810240,55120506097,424282521096,0,4370330,0,12839266,2470057,0,0,0,1062,0,24121,2267831694,209887405147,0,0,1208007,9320022061031,0,0,307816066306,570671715662,150192549,0,29628355,110556565,0,0,0,0,943120615338,0,2662222,32683821,0,0,0,14,0,174700461,6503069,21189662555928,335,16819537,0,6865293,0,61172340,0,543603,0,22568494055,153173786,73497,0,0,43461405,0,9908,0,37375175,470987399,19856254,19984997096579,0,0,0,0,1715135968,0,0,0,1327730016,1999427741,28344774,15857,1249279535,604196,998914742,0,0,0,1781458151,1142024,206424126822,7528814,359700,0,4257538236983,14110190,0,37946,149362518,24461672,0,0,28062728,6177416,8406826079177,0,0,933561562620,16453911,111372500988,651316487,
25952215,289514352,80799073,0,1744810,5166685,0,368087,308434526,15339204,1000091920,676721804,1546303308,0,27518787,0,0,2723841,0,0,2042712,0,0,204854966,0,528704357388,0,3718006,14723312,27290754,1699,329991052780,191814506907,43707899288,398018183042,0,75517560,0,12855575,2801267,0,0,0,677119,0,24621,1969660114,196963992072,0,0,12877844,8006206869000,0,0,292260284388,166245919488,151797411,0,23832366,112661419,0,0,0,0,161410906940,0,3362321,29599919,0,0,0,5,0,164122646,7271490,19394625855874,300,17811809,0,10439828,0,100591558,0,5185772,0,25342644236,159407208,129895,0,0,39420196,0,15957,0,35891051,384294217,26135551,19131617305651,0,0,0,0,1708858634,0,0,0,1267622318,1999126852,20378189,2070,1287784385,780557,999033025,0,0,0,1485242302,1255185,208402280500,9248325,31050869,0,4255353691104,12892245,0,60741,93441355,28879260,0,0,13113072,6478013,9283520601232,0,0,889859125000,15990253,104052773311,688064355,
20350182,345776649,10122150,0,856655,5140222,0,564701,302129115,20135055,1000109732,592308319,1591951626,0,12744078,0,0,2567755,0,0,1662699,0,0,212300818,0,488671352766,0,4394734,14433276,41838458,1551,257855691191,180431298116,42076188245,379369059230,0,127023213,0,11604270,1750287,0,0,0,23450,0,25091,3085771140,185280974317,0,0,17456806,6735426875224,0,0,274867441100,127091653149,160093656,0,28530807,129694167,0,0,0,0,176532836384,0,3299204,28375672,0,0,0,17,0,168148032,6950173,22719869600297,348,20750523,0,10256340,0,129417811,0,72649441,0,26037392334,137633112,128961,0,0,44158603,0,8930,0,38558684,438992899,25325416,18385322567138,0,0,0,0,3454504613,0,0,0,958838486,1998834269,19176442,2179,1511211430,866970,999160872,0,0,0,1421902631,1395373,247434060859,7312675,655314,0,3168862728405,10547061,0,97782,84547131,24896580,0,0,29445289,7162138,8034816888508,0,0,877181041951,16716781,100174639607,646747855,
29099608,372999655,0,0,23964,4207559,0,728225,296421666,24213013,851019353,604395947,1649368512,0,29079485,0,0,1498318,0,0,814257,0,0,210070795,0,479841803589,0,5037743,20991970,50396721,2067,200496539286,170022512380,47050308191,355767814728,0,113269872,0,13970255,1870369,0,0,0,902177,0,25500,3018398774,174566532151,0,0,15504802,6587688824950,0,0,260143234970,189981525910,165900027,0,27888800,114010360,0,0,0,0,151296732869,0,3371735,25751808,0,0,0,15,0,156922352,7564561,15227154372090,498,21672416,0,10027029,0,145854774,0,60181536,0,22093630029,115618439,91341,0,0,42371571,0,15940,0,38844051,407554305,26388371,14041519306345,0,0,0,0,3376866481,0,0,0,468642826,1998572947,20053609,208564,667449567,1001100,850275894,0,0,0,1824587330,1101216,214739935475,8860732,41887508,0,3302877533836,8582520,0,124278,2840375134,26023032,0,0,31161851,7042829,5974884313295,0,0,894295807742,17247015,93249010821,627386969,
16954336,275261516,0,0,1670862,3903891,0,918511,291431296,20528357,926177722,598548695,1273751901,0,30846246,0,0,1593371,0,0,1923984,0,0,224576249,0,428155829082,0,5557531,234055249,62223514,1996,287311569574,160094189142,45700073112,336790625191,0,118398490,0,13101264,3045872,0,0,0,0,0,25875,82316317426,164392341551,0,0,17882919,5682678266164,0,0,247861996054,185993305558,170295602,0,28544636,129732165,0,0,0,0,158622437674,0,3092462,22813054,0,0,0,10,0,156963970,6945380,14281440093003,609,21509100,0,9894310,0,162609176,0,57298453,0,25325156420,108897898,100097,0,0,40808425,0,29707,0,36807390,444355757,29150473,10226256517932,0,0,0,0,90796929045,0,0,0,3339391322,1998317824,18568496,9756,403678102,806299,925440973,0,0,0,2400521336,959343,242656666400,11236284,0,0,3584897997197,10213583,0,106258,88467090,28910350,0,0,30292927,8707106,5811066784482,0,0,1052929789080,16066694,88332160772,564776182,
17206767,387847466,0,0,2153070,4127334,0,801792,287156848,24307166,1000111861,493344927,1258373815,0,29970165,0,0,1712549,0,0,1976788,0,0,226851176,0,389366717474,0,6075413,1537136,84084455,2295,255784299861,151717727459,39327605216,321857602360,0,99288729,0,3133295,4212689,0,0,0,0,0,26262,1845938337,155791941004,0,0,17396645,4188724214103,0,0,234564734666,156378443516,176165262,0,24493949,114920667,0,0,0,0,156735786477,0,2548481,29022295,0,0,0,12,0,147277035,6238349,16041596423829,520,19835109,0,9657218,0,191991290,0,67559749,0,0,112943924,107951,0,0,42244847,0,58166,0,34391257,368625079,21428385,13262112305952,0,0,0,0,1705904160,0,0,0,286082698,1998061776,15841728,778351,391858262,693595,999401628,0,0,0,1831741951,1120920,157928101992,12418786,0,0,3497679006548,11846883,0,111853,137717353,28362704,0,0,24395214,8745514,5835431832849,0,0,1190812431600,15007711,85070019919,550187508,
19131208,400014249,0,0,1713386,4442250,0,842306,281857796,23423576,1000089454,434270261,1569279119,0,24178095,0,0,1940462,0,0,2344018,0,0,86065128,0,168073189052,0,6560221,880352565,67348617,2547,246569050465,143586526297,50769053672,304090027990,0,104733927,0,6956954,4064136,0,0,0,0,0,26613,2834144644,147433797187,0,0,16945122,4300919801637,0,0,222578952132,61019386349,152372221,0,30708558,132228454,0,0,0,0,129539645672,0,1258510,37494333,0,0,0,27,0,163566894,6177158,11085323291234,495,18067473,0,9544000,0,210919877,0,82098598,0,0,95414625,131373,0,0,42041850,0,50160,0,33060135,437912620,21129928,13103622783276,0,0,0,0,2658413560,0,0,0,0,1857719128,17800656,0,20328658246,834829,999448871,0,0,0,55717440180,849287,148918875775,8482739,0,0,3259573303448,12366603,0,113960,110251652,35195044,0,0,29775413,8575034,5721953933018,0,0,1166291069110,14519298,80037429331,875921766,
29122599,396486796,0,0,2206932,6807276,0,855893,277637036,22021652,1000113473,427290268,1853984241,0,29464746,0,0,1094085,0,0,3498504,0,0,231156213,0,588867639608,0,7033102,0,78193913,2507177,221791924668,136061650346,14900253205,288261153213,0,68746569,0,10669664,3815161,0,0,0,0,0,26941,2479396718,139701098777,0,0,16380226,3992727822483,0,0,211670183214,122798810889,123865425,0,28994777,154886287,0,0,0,0,162898157750,0,3094650,32875079,0,0,0,14,0,179689588,6936056,12810333748381,494,19644364,0,6438215,0,216779685,0,78736271,0,0,42341048,241466,0,0,48240255,0,51215,0,38385039,431899150,19610241,13782645811953,0,0,0,0,2354811819,0,0,0,0,1645825282,19578295,0,651721043,648151,999521845,0,0,0,1231004650,1174914,142795294938,11836903,0,0,2248755428542,14804137,0,93693,118224396,35344036,0,0,35929679,8521000,6126392864594,0,0,1123055485061,16816175,75669700874,570812868,
33407878,355067543,0,0,2063026,4348296,0,721628,273718925,22238661,1000211429,516439612,1522872745,0,35496798,0,0,1891087,0,0,2645210,0,0,162346650,0,564905688988,0,7398825,0,93219451,86129,203927725798,129361904237,20949584853,274077355401,0,83159170,0,12061435,3042087,0,0,0,0,0,27247,2316058830,132827655332,0,0,16520876,4408810372801,0,0,201332887933,1535543214202,128640341,0,16492161,173779426,0,0,0,0,142183722229,0,3234659,36133019,0,0,0,5,0,138552057,6203823,12930702993860,471,21252465,0,91108277,0,234795786,0,80885867,0,0,141191566,128711,0,0,60174116,0,48936,0,38383155,416312091,17898069,12549996532010,0,0,0,0,2207309217,0,0,0,0,1997847915,23148855,0,730679377,929892,999672202,0,0,0,1166342630,815054,175720549237,12309238,0,0,1982063243126,22834240,0,107790,110173714,34647021,0,0,34787164,8442001,7271976188875,0,0,1085608350401,16811327,71907916150,496669343,
9007598,384521855,0,0,2148888,4069585,0,812986,270505338,23358980,1000111897,547273497,1880778873,0,34385673,0,0,2003908,0,0,2781411,0,0,155307510,0,521456507021,0,7331261,0,89391109,3512311,198306825176,122998847221,260820011,260374748786,0,66756063,0,11190309,3045103,0,0,0,0,0,27621,2460356153,126298061351,0,0,17240840,3951483162906,0,0,192585496480,1210749129450,110514335,0,16074090,175229284,0,0,0,0,122771770101,0,3653450,43882273,0,0,0,5,0,160515852,6248380,11858134138140,634,19756496,0,92368160,0,887813270,0,79996339,0,0,137788427,97698,0,0,81030455,0,46963,0,33109771,370934896,22621856,11368510171315,0,0,0,0,2362938591,0,0,0,0,1997499153,5073733,0,763206306,612426,999612392,0,0,0,1594974846,843085,222663497214,12178263,0,0,1933395075480,24894669,0,101622,124723747,34413294,0,0,33051085,8293602,6836501177148,0,0,910697951818,14535067,68104106341,497947466,
26819494,500409941,0,0,2127737,3885888,0,773428,268453446,23319055,1000115634,545989610,1847328055,0,32675280,0,0,2298630,0,0,2283987,0,0,195790730,0,502495726556,0,7749078,0,98625772,0,184145955178,117121901651,0,249496051172,0,66712366,0,11426778,3251004,0,0,0,0,0,27891,2782301296,120261791866,0,0,15922112,3670397157127,0,0,184166743713,1569641240676,64014378,0,21512095,158388856,0,0,0,0,129071532750,0,4873783,40739810,0,0,0,4,0,164709626,6014770,11645812080243,709,22981535,0,254568472,0,866318884,0,89123530,0,0,143725145,83155,0,0,71636629,0,44670,0,40350791,399751315,11777894,1470759292887,0,0,0,0,2691370819,0,0,0,0,1997358541,23223136,0,751281102,687635,999653296,0,0,0,1757582894,1453476,210434675202,10872870,0,0,4822851706714,22669049,0,114717,142569821,34077697,0,0,22078198,5453608,6657039155061,0,0,19886809231,17791795,65549400358,434878922,
5537203002,703925289,0,0,2187770,5484495,0,868528,264409777,20711860,859011797,520938454,1789812449,0,21764720,0,0,2542442,0,0,2429106,0,0,251546025,0,490072150446,0,8415074,0,99157615,0,184027095314,111656248014,0,238762296860,0,87774386,0,12021132,4516607,0,0,0,0,0,3195237,2132911336,114624268221,0,0,5615763,6537818925183,0,0,175871171326,1343948929467,57303512,0,25070277,118785794,0,0,0,0,117596506019,0,4259641,41638551,0,0,0,20,0,149951775,6885735,10301253652423,729,31147678,0,0,0,917852919,0,137843478,0,0,110351942,150380,0,0,72879416,0,48643,0,32603990,392830464,982573547,3992667315637,0,0,0,0,2065472559,0,0,0,0,1997253017,15657434,0,744850783,1201996,858648339,0,0,0,1276713505,828693,136889690929,12196113,0,0,4687065089769,21842779,0,104601,118038831,33472814,0,0,18591004,243800693,6224056956485,0,0,219003266678,14385082,62842603107,535681504,
0,687606405,0,0,2210365,3261066,0,800726,261161419,17338974,680878836,438150383,1584779126,0,18497946,0,0,2246887,0,0,105470503,0,0,232350138,0,441569932255,0,8876068,0,111084760,0,167960648429,106534007279,0,227820148258,0,19089980,0,10912092,3319403,0,0,0,0,0,98375,2229782045,109387859756,0,0,762759043,8223061541285,0,0,166995845290,1056601157446,56964719,0,22115604,95702354,0,0,0,0,112453186254,0,4448509,40787931,0,0,0,12,0,128197979,6817507,9568279178267,745,33816452,0,0,0,923267036,0,7065989249,0,0,117238090,51804,0,0,87839278,0,48625,0,38930462,392166873,1112203807,4496675539535,0,0,0,0,2174779969,0,0,0,0,1997121135,14789388,0,682362162,687792,680582883,0,0,0,1389396657,1168222,1155305267,15156708,0,0,4384124398068,22384677,0,65325,157281203,22121645,0,0,28128535,2459923,5303009354155,0,0,0,17096275,59833003535,537935840,
0,707228729,0,0,3289801,12434716,0,519057,256579654,17247136,700949860,679589765,1525277423,0,28032227,0,0,2295005,0,0,1098418,0,0,239087014,0,393211334321,0,9061417,0,116176079,0,159963048393,101768922403,0,215310872189,0,5179674530,0,10905715,3458144,0,0,0,0,0,9327161,2386921337,104490462240,0,0,17149529,7506154078366,0,0,160564456468,994026402524,82306726,0,22237932,102703538,0,0,0,0,92057393843,0,3803665,40626606,0,0,0,19,0,136730155,435395149,9272750150175,676,31485367,0,0,0,931871170,0,92971102,0,0,129668415,291641,0,0,99408947,0,43069,0,60091802,356870615,0,4967256611821,0,0,0,0,2349282615,0,0,0,0,1997024061,16149272,0,726085997,981730,700648314,0,0,0,1356379273,1239730,417704577948,26107038,0,0,4265979434505,22014161,0,80823,115715040,934255387,0,0,27844219,721775966,800622962552,0,0,0,21806363,55855475646,528259531,
0,778624726,0,0,146771223,13962243,0,633174,255541755,15378071,792212330,709872640,1556423183,0,27750885,0,0,4557345,0,0,307332145,0,0,240204203,0,408608969455,0,9381894,0,121420643,0,158215819427,97222357945,0,207660762771,0,126651589,0,11504078,3559083,0,0,0,0,0,0,2003563658,99809342085,0,0,993968653,7361696683571,0,0,153339596654,1017826979675,95724739,0,27560847,123315131,0,0,0,0,91186630044,0,3870272,44847563,0,0,0,8,0,136527387,2682633,8998388710112,599,29610710,0,0,0,942097446,0,9807800413,0,0,120426151,310110,0,0,93356863,0,53685,0,80192721,451183159,0,4803280255901,0,0,0,0,2095949436,0,0,0,0,1996941117,15733086,0,753904817,1082088,791925358,0,0,0,1582961094,982856,981924864468,25863099,0,0,3970930344826,23706915,0,67218,143799857,5449306,0,0,27651009,0,1870627245815,0,0,0,26711371,54320301780,503459531,
0,470013658,0,0,1714719,14458946,0,527210,251041948,15373835,595886882,701649497,1779814656,0,27561448,0,0,6043265,0,0,0,0,0,299761687,0,379974635575,0,9705295,0,110078846,0,137521960176,93021486248,0,198075232676,0,7323355434,0,10863524,1023136,0,0,0,0,0,0,2123413807,95516250399,0,0,0,7272006005837,0,0,146828259913,1383932594362,78340937,0,21661855,134499313,0,0,0,0,105236059437,0,177098852,64111333,0,0,0,2,0,144410257,601483823,13245755237956,603,31691828,0,0,0,930407267,0,0,0,0,132782725,335907,0,0,77743332,0,48613,0,88162373,412906737,0,4582163027481,0,0,0,0,2103344006,0,0,0,0,1984869048,12597446,0,922672558,836243,595697633,0,0,0,1547044082,923044,66279878682,26555584,0,0,3740611469496,23223418,0,68045,131954308,2757673219,0,0,27080226,0,0,0,0,0,30281030,51661172041,529641142,
0,526019158,0,0,191723673,14839220,0,525215,249444188,16238938,503490682,697083813,1519146468,0,26993745,0,0,6844702,0,0,0,0,0,268172974,0,280796198642,0,9954924,0,110319032,0,120080575286,89315612438,0,189479493632,0,0,0,12621135,304150499,0,0,0,0,0,0,2019538162,91701685957,0,0,0,6215501556968,0,0,142229495574,1172824236311,80602019,0,20837004,158377712,0,0,0,0,83278801684,0,835978,68654487,0,0,0,15,0,117372159,0,13858989660087,519,30166510,0,0,0,321307755,0,0,0,0,128403256,372148,0,0,66946108,0,42870,0,73685480,219003732,0,3658237653107,0,0,0,0,2019688435,0,0,0,0,1910724771,21170953,0,829319933,813814,503355192,0,0,0,1550390598,1149428,0,19925901,0,0,3468033192331,23388088,0,74937,133953005,0,0,0,26800290,0,0,0,0,0,24563020,49295032330,521624428,
0,530539606,0,0,0,13776033,0,583972,248335389,15619388,499171421,674906807,1517252228,0,26718108,0,0,6142022,0,0,0,0,0,108300064,0,323768216227,0,69518027,0,127814880,0,124786777003,85688360080,0,184379148703,0,0,0,11790158,1028321,0,0,0,0,0,0,2160030921,87973746102,0,0,0,6288896965345,0,0,136249092472,989742333155,103414153,0,22238793,165243131,0,0,0,0,95672424880,0,514258480,68732085,0,0,0,24,0,118433077,0,12573722652772,531,31727458,0,0,0,54862540213,0,0,0,0,126191292,330965,0,0,58837437,0,40885,0,82075583,156302934,0,3798403936031,0,0,0,0,2160870116,0,0,0,0,1505711721,24776453,0,732873861,999998,499019207,0,0,0,1484344483,1115415,0,17571117,0,0,3537982926897,21750490,0,60780,133549609,0,0,0,26315023,0,0,0,0,0,27931575,48530104737,784228581,
0,440749629,0,0,0,17757897,0,488100,246325938,15327870,672054078,473726088,1613661526,0,26233732,0,0,6215188,0,0,0,0,0,23018408648,0,32197020591,0,75032245,0,120365555,0,114114977824,82245708265,0,176338062353,0,0,0,12970367,411332608,0,0,0,0,0,0,2195313034,84437102596,0,0,0,6837899379483,0,0,87061125838,306764890692,76673463,0,22247353,179341345,0,0,0,0,92010392914,0,0,58072117,0,0,0,12,0,118584892,0,10116345968989,555,31543496,0,0,0,1975059303,0,0,0,0,19092174,445391,0,0,83404789,0,48148,0,75506580,229560584,0,4406186209353,0,0,0,0,2199578492,0,0,0,0,1537789874,19734160,0,848552713,1025067,671840110,0,0,0,1404718836,897062,0,19930815,0,0,3444978198084,23601954,0,71048,186832940,0,0,0,16354521,0,0,0,0,0,25767495,46219737501,1153271496,
0,491930281,0,0,0,13333687,0,557711,232179218,16394340,749737277,478185374,1522559246,0,16282805,0,0,5448575,0,0,0,0,0,26681481,0,337800825340,0,73307019,0,98987787,0,77816969308,79042571856,0,82906716930,0,0,0,12309018,0,0,0,0,0,0,0,2213979050,81155470300,0,0,0,6754777241150,0,0,11891527465,1348156035460,78901046,0,24126558,180342163,0,0,0,0,106583866059,0,0,45960055,0,0,0,10,0,139273451,0,7471618432346,589,31245290,0,0,0,210669953469,0,0,0,0,123361762,325219,0,0,87778943,0,47546,0,100015211,265698677,0,3941754035283,0,0,0,0,2225285495,0,0,0,0,1427118249,421430833,0,831877914,804867,749537924,0,0,0,1278950638,961128,0,20217134,0,0,3282176349142,21328476,0,71248,129370184,0,0,0,303181450,0,0,0,0,0,34480629,1729668760,990124231,
0,462252340,0,0,0,12829908,0,551771,232846085,15256254,612096154,501328926,1508925352,0,306806016,0,0,5686256,0,0,0,0,0,31857443247,0,261006425904,0,72406050,0,59025194,0,99960568581,75992530783,0,51350513812,0,0,0,11155206,0,0,0,0,0,0,0,1943309640,78016396748,0,0,0,5488258418114,0,0,114290778958,0,73022951,0,24562694,181590565,0,0,0,0,87448004558,0,0,46737858,0,0,0,9,0,135780838,0,8897403624199,571,30424396,0,0,0,0,0,0,0,0,21468376724,299498,0,0,83793340,0,49138,0,103100242,253978863,0,3121975005683,0,0,0,0,1959313957,0,0,0,0,1373197733,8186235,0,781791899,887645,611901492,0,0,0,1316756256,904045,0,16678221,0,0,2991374669821,23004191,0,69674,130878771,0,0,0,317262813,0,0,0,0,0,36057377,36978080443,974100104,
0,427307668,0,0,0,12870528,0,546009,231371437,15314562,610013951,558853327,1610736601,0,321135627,0,0,6084427,0,0,0,0,0,0,0,338890223909,0,71508686,0,68912306,0,108469072169,73013423039,0,261370493022,0,0,0,10685265,0,0,0,0,0,0,0,1906763127,74953255227,0,0,0,5623771577719,0,0,2501898549,0,92125253,0,26925653,150812340,0,0,0,0,72016766011,0,0,50037129,0,0,0,20,0,142458335,0,7325241672946,621,33384285,0,0,0,0,0,0,0,0,0,313112,0,0,75928107,0,53329,0,97575669,262919762,0,3570869420600,0,0,0,0,1923753368,0,0,0,0,1407235319,1550247675,0,732268550,825786,609836716,0,0,0,1279607192,524554,0,18673156,0,0,3217475545095,24806404,0,74724,110987668,0,0,0,846451880,0,0,0,0,0,33622482,142707341427,1044802545,
0,424409171,0,0,0,16042212,0,578939,229911643,15180664,772061449,531406268,1792930470,0,856763167,0,0,5700042,0,0,0,0,0,0,0,302149203362,0,70748811,0,73679110,0,89444118961,70307465343,0,6317197884,0,0,0,11015832,0,0,0,0,0,0,0,2145675601,72188781911,0,0,0,5468541746005,0,0,0,0,97143406,0,26613967,156471003,0,0,0,0,78932078233,0,0,43635599,0,0,0,21,0,111727671,0,8360413456510,591,30441566,0,0,0,0,0,0,0,0,0,399264,0,0,94560404,0,49149,0,99729596,281871536,0,3267259247277,0,0,0,0,2170709138,0,0,0,0,1422926963,0,0,647883590,735526,771852339,0,0,0,1386890331,78224271,0,17093435,0,0,2870121518090,23395474,0,60398,159354978,0,0,0,0,0,0,0,0,0,34775447,3585132392,953414076,
0,425496100,0,0,0,14754630,0,479149,228730841,15933040,568830632,517873349,1541620607,0,0,0,0,5420852,0,0,0,0,0,0,0,244063857646,0,70410264,0,73484308,0,99682092044,67761642949,0,0,0,0,0,10044401,0,0,0,0,0,0,0,1979830246,69558101083,0,0,0,4970188107971,0,0,0,0,112769818,0,23942068,171008745,0,0,0,0,64989007830,0,0,43513681,0,0,0,11,0,6426370,0,9077034447401,639,30911863,0,0,0,0,0,0,0,0,0,365731,0,0,98588108,0,43287,0,93528472,260089530,0,3454901056434,0,0,0,0,2011826366,0,0,0,0,1434914124,0,0,647377796,212121,568673094,0,0,0,1293887795,1380852,0,15628214,0,0,2673415680970,23158143,0,71912,83805827,0,0,0,0,0,0,0,0,0,32435976,0,1115913420,
0,416972725,0,0,0,13203744,0,552899,228068799,14566432,572001515,508248803,1542218218,0,0,0,0,7054677,0,0,0,0,0,0,0,233856864337,0,94781333,0,77123620,0,80305080272,65325302968,0,0,0,0,0,11418003,0,0,0,0,0,0,0,1975325548,67058632219,0,0,0,4369076749280,0,0,0,0,110096278,0,23312875,125857467,0,0,0,0,64112040819,0,0,41230915,0,0,0,15,0,857401,0,7778416197625,644,31952294,0,0,0,0,0,0,0,0,0,321267,0,0,89497442,0,51064,0,105179723,260038753,0,2583160471035,0,0,0,0,2041211302,0,0,0,0,1509020539,0,0,541757318,391203,571852173,0,0,0,1374411784,294898570,0,15915691,0,0,2593351585796,24133186,0,66005,138514001,0,0,0,0,0,0,0,0,0,37625748,0,1007269251,
0,531190656,0,0,0,13103544,0,514461,226582516,14728101,536210869,542529387,1559990568,0,0,0,0,5250251,0,0,0,0,0,0,0,236718901493,0,1322345594,0,77898481,0,99254479966,63108209415,0,0,0,0,0,10741605,0,0,0,0,0,0,0,1955447866,64790556324,0,0,0,3989969379345,0,0,0,0,128569394,0,24552986,143370978,0,0,0,0,64867835655,0,0,39520851,0,0,0,11,0,1512579,0,7665791978172,688,34140721,0,0,0,0,0,0,0,0,0,333858,0,0,85252635,0,48882,0,95210306,271948801,0,3916617256932,0,0,0,0,2114961512,0,0,0,0,1394942341,0,0,700105018,296340,536094666,0,0,0,1450563826,0,0,15907989,0,0,2604501046779,22967801,0,66997,107309866,0,0,0,0,0,0,0,0,0,32874945,0,1108439111,
0,407702721,0,0,0,14549697,0,534165,237323674,16446056,646649710,533390812,1853770357,0,0,0,0,5022822,0,0,0,0,0,0,0,284901492724,0,8625521,0,87322720,0,64995450056,60951789702,0,0,0,0,0,12114532,0,0,0,0,0,0,0,2126511464,62562332093,0,0,0,4457589580695,0,0,0,0,97288423,0,21536082,143320215,0,0,0,0,71037177111,0,0,38251238,0,0,0,1281,0,2597984,0,7399888312308,583,31446983,0,0,0,0,0,0,0,0,0,356590,0,0,77643736,0,49907,0,95791574,267804184,0,2133686216841,0,0,0,0,2340101975,0,0,0,0,1434806231,0,0,1230761906,156850,646503762,0,0,0,1395238619,0,0,15295306,0,0,2338650075409,20750892,0,68943,121886416,0,0,0,0,0,0,0,0,0,33787683,0,957546947,
0,439665231,0,0,0,12250092,0,537801,7058458664,18121786,671782285,589956661,1522118978,0,0,0,0,5483092,0,0,0,0,0,0,0,250436142891,0,4948517993,0,71199949,0,61482303396,58877569748,0,0,0,0,0,11075376,0,0,0,0,0,0,0,2036807026,60438980270,0,0,0,4154484412349,0,0,0,0,89964901,0,22350542,119833804,0,0,0,0,67803314441,0,0,36073395,0,0,0,1763,0,4346781,0,8501889751184,729,31680474,0,0,0,0,0,0,0,0,0,311464,0,0,77559380,0,35935,0,92668696,310016752,0,2307232970042,0,0,0,0,2240650224,0,0,0,0,1473055859,0,0,1414484585,264345,671643608,0,0,0,1631697623,0,0,19636938,0,0,2380032925515,21646284,0,70769,136696359,0,0,0,0,0,0,0,0,0,32541118,0,1013029791,
0,455659056,0,0,0,12085944,0,561190,46769572,16158484,763067005,500867041,1979457804,0,0,0,0,4521394,0,0,0,0,0,0,0,224584038528,0,0,0,95217662,0,138886631427,56900016582,0,0,0,0,0,10099985,0,0,0,0,0,0,0,2060321041,58418347472,0,0,0,4133994278616,0,0,0,0,108042017,0,22871989,149679730,0,0,0,0,59894815592,0,0,39143472,0,0,0,0,0,3165290,0,7757403029643,712,32617283,0,0,0,0,0,0,0,0,0,317247,0,0,78255516,0,46327,0,98781906,298481852,0,4876390111706,0,0,0,0,2265373482,0,0,0,0,1424728208,0,0,1156204087,232293,762910139,0,0,0,1576214365,0,0,15096473,0,0,2359244218563,21869606,0,73554,124267350,0,0,0,0,0,0,0,0,0,35478275,0,1030654824,
0,386683765,0,0,0,12413908,0,567589,26838771289,11642691,746230946,514613626,1757171206,0,0,0,0,5004102,0,0,0,0,0,0,0,82113689513,0,0,0,110895814,0,141345928534,72311195224,0,0,0,0,0,10021977,0,0,0,0,0,0,0,2000649145,72999755710,0,0,0,4301461927891,0,0,0,0,118922676,0,24391514,151854654,0,0,0,0,65485529666,0,0,48748251,0,0,0,0,0,4752921,0,9429421364903,721,30668972,0,0,0,0,0,0,0,0,0,304547,0,0,78488351,0,43989,0,94643839,314002869,0,5279964788462,0,0,0,0,2199550354,0,0,0,0,1394753149,0,0,1072767342,222919,746074698,0,0,0,1457800077,0,0,16281395,0,0,2299170082482,16969104,0,58796,167876192,0,0,0,0,0,0,0,0,0,33627949,0,974980674,
0,418331376,0,0,0,12427506,0,449745,0,9169492,845890806,560972128,1681909181,0,0,0,0,7187062,0,0,0,0,0,0,0,67940882013,0,0,0,104843653,0,125144200597,37471861087,0,0,0,0,0,11490252,0,0,0,0,0,0,0,2025691383,33600297982,0,0,0,4594675798674,0,0,0,0,104564030,0,24791693,149559849,0,0,0,0,186932534540,0,0,34671775,0,0,0,0,0,8144404,0,9724301425080,691,29746212,0,0,0,0,0,0,0,0,0,317804,0,0,78975868,0,42281,0,99165756,322480250,0,4732410988818,0,0,0,0,2225546507,0,0,0,0,1432737104,0,0,1034443850,278516,845720672,0,0,0,1287346644,0,0,16592434,0,0,2234219525579,10947465,0,29898,125313212,0,0,0,0,0,0,0,0,0,35691513,0,1001592100,
0,453842708,0,0,0,12736024,0,293094,0,10418678,635024862,533934475,1683755500,0,0,0,0,5073707,0,0,0,0,0,0,0,15037048792,0,0,0,97435319,0,87114209143,0,0,0,0,0,0,10140557,0,0,0,0,0,0,0,2126086729,0,0,0,0,3996291332526,0,0,0,0,109062327,0,21544952,123408132,0,0,0,0,175972336974,0,0,39308904,0,0,0,0,0,5640920,0,8557660150672,602,31446592,0,0,0,0,0,0,0,0,0,319879,0,0,75112114,0,44413,0,96107645,281487122,0,3613008964155,0,0,0,0,2335166381,0,0,0,0,1341740915,0,0,969166024,362938,634901183,0,0,0,1300778865,0,0,13823156,0,0,2182964314578,10234004,0,37283,108631676,0,0,0,0,0,0,0,0,0,34490761,0,995461228,
0,667205674,0,0,0,13593116,0,363384,0,10984721,599180924,511045232,1558583276,0,0,0,0,5383321,0,0,0,0,0,0,0,0,0,0,0,91085083,0,60915720494,0,0,0,0,0,0,10290203,0,0,0,0,0,0,0,1730802475,0,0,0,0,3223474112742,0,0,0,0,93573945,0,23166444,141585921,0,0,0,0,182055285522,0,0,41923673,0,0,0,0,0,7096628,0,11548723810699,718,31451303,0,0,0,0,0,0,0,0,0,356564,0,0,74614201,0,59804,0,92658405,279163169,0,1875282362731,0,0,0,0,1900075339,0,0,0,0,1618975073,0,0,1245985173,543704,599072019,0,0,0,1442705427,0,0,14707100,0,0,1811004020110,9493506,0,27328,99952795,0,0,0,0,0,0,0,0,0,33082314,0,1015890239,
0,551782471,0,0,0,14165657,0,287737,0,11519991,696914903,582994740,1433551390,0,0,0,0,5150474,0,0,0,0,0,0,0,0,0,0,0,102787682,0,64646093186,0,0,0,0,0,0,10124762,0,0,0,0,0,0,0,2175058391,0,0,0,0,3710745335074,0,0,0,0,107192521,0,25527324,139676502,0,0,0,0,183370006164,0,0,35547222,0,0,0,0,0,50418775,0,9958400817232,685,26825764,0,0,0,0,0,0,0,0,0,358922,0,0,75360698,0,51647,0,92483860,288798425,0,2637868121089,0,0,0,0,2386909850,0,0,0,0,1408977882,0,0,1351677418,136425318,696789379,0,0,0,1477742679,0,0,16167653,0,0,1962495039151,10140351,0,35425,142603245,0,0,0,0,0,0,0,0,0,33106164,0,973511900,
0,641752609,0,0,0,12385292,0,353395,0,10371744,753032044,461989851,1700394996,0,0,0,0,5086158,0,0,0,0,0,0,0,0,0,0,0,101945254,0,67625124294,0,0,0,0,0,0,11758604,0,0,0,0,0,0,0,2461457899,0,0,0,0,3152071350870,0,0,0,0,102020951,0,23553820,141164984,0,0,0,0,182833724242,0,0,36844586,0,0,0,0,0,10927139921,0,12404285020178,729,22499626,0,0,0,0,0,0,0,0,0,321707,0,0,92278039,0,41282,0,98034469,258406089,0,2508512200370,0,0,0,0,2700285680,0,0,0,0,1490768826,0,0,1353294145,4861573,752902008,0,0,0,1929763040,0,0,24088003,0,0,1435766831903,10743937,0,36880,134186652,0,0,0,0,0,0,0,0,0,35414969,0,1044167850,
0,677821239,0,0,0,12131696,0,354248,0,11872728,654017044,751110497,1492120528,0,0,0,0,5020704,0,0,0,0,0,0,0,0,0,0,0,104219384,0,50735231732,0,0,0,0,0,0,11783824,0,0,0,0,0,0,0,2290200955,0,0,0,0,2986228185230,0,0,0,0,89467403,0,24227443,149116432,0,0,0,0,204315050518,0,0,44026388,0,0,0,0,0,65259428,0,11246762041637,517,20929828,0,0,0,0,0,0,0,0,0,310982,0,0,91067738,0,32281,0,87528590,291415118,0,1619612644894,0,0,0,0,2511349030,0,0,0,0,1442903651,0,0,1344637767,514580972,653901215,0,0,0,1649807551,0,0,20223200,0,0,953695575433,12968624,0,26272,109805502,0,0,0,0,0,0,0,0,0,30954611,0,983263145,
0,647470526,0,0,0,11103461,0,268071,0,8334254,694997616,52535457502,1594221590,0,0,0,0,4878878,0,0,0,0,0,0,0,0,0,0,0,108285011,0,48693078338,0,0,0,0,0,0,17200134,0,0,0,0,0,0,0,2046269013,0,0,0,0,2709473119283,0,0,0,0,96685964,0,21592241,145090559,0,0,0,0,188699559906,0,0,63650802,0,0,0,0,0,15028271013,0,10332086260009,600,20812076,0,0,0,0,0,0,0,0,0,278769,0,0,80583512,0,9258,0,96246826,289541422,0,1618948357424,0,0,0,0,2243636087,0,0,0,0,1646506795,0,0,1148011778,0,694881030,0,0,0,1556787946,0,0,22611850,0,0,1543125739869,10417197,0,29508,116520778,0,0,0,0,0,0,0,0,0,35164066,0,1017776266,
0,669150333,0,0,0,12414765,0,290325,0,8663073,588845119,68441050539,1770136427,0,0,0,0,5142254,0,0,0,0,0,0,0,0,0,0,0,104643744,0,71529679761,0,0,0,0,0,0,17008561,0,0,0,0,0,0,0,1897308699,0,0,0,0,3096667425942,0,0,0,0,103250922,0,25290735,135391665,0,0,0,0,129422305753,0,0,52329538,0,0,0,0,0,0,0,10898561433537,665,20744923,0,0,0,0,0,0,0,0,0,320967,0,0,78660851,0,13561,0,77371273,314388199,0,3153781453716,0,0,0,0,2079520664,0,0,0,0,1996057050,0,0,1049474480,0,588746241,0,0,0,1414922821,0,0,23526570,0,0,1857141658733,1047192610,0,27595,138302329,0,0,0,0,0,0,0,0,0,29997007,0,944401531,
0,603047219,0,0,0,9878539,0,272332,0,8837813,664590863,0,1747689244,0,0,0,0,4825832,0,0,0,0,0,0,0,0,0,0,0,106109588,0,79541106134,0,0,0,0,0,0,16232730,0,0,0,0,0,0,0,2090635917,0,0,0,0,2750731532270,0,0,0,0,113975759,0,24832723,144619115,0,0,0,0,133684756974,0,0,65383660,0,0,0,0,0,0,0,8250127865255,614,21621132,0,0,0,0,0,0,0,0,0,240037,0,0,81300670,0,9430,0,48154310,291825281,0,2921715975701,0,0,0,0,2291041267,0,0,0,0,1946305617,0,0,1032534995,0,664495211,0,0,0,1508601724,0,0,22806898,0,0,2496258238804,5250916,0,26935,111014733,0,0,0,0,0,0,0,0,0,22444473,0,952715741,
0,618058362,0,0,0,11257855,0,278600,0,1103975281,626041541,0,2163180625,0,0,0,0,5720067,0,0,0,0,0,0,0,0,0,0,0,86385703,0,54485538668,0,0,0,0,0,0,15504790,0,0,0,0,0,0,0,2058890837,0,0,0,0,2604964187784,0,0,0,0,116517641,0,40958715,126826283,0,0,0,0,835104471666,0,0,63078677,0,0,0,0,0,0,0,9188200156579,699,24140063,0,0,0,0,0,0,0,0,0,271375,0,0,81532558,0,15951,0,52137514,267152092,0,2246991460660,0,0,0,0,2255089000,0,0,0,0,1716383654,0,0,885162256,0,625931044,0,0,0,1487860596,0,0,23953060,0,0,807244620713,3030261442,0,4663356,114459669,0,0,0,0,0,0,0,0,0,23938216,0,1057640560,
0,424505442,0,0,0,11094179,0,37909488,0,6127736,555930539,0,2196077652,0,0,0,0,4960228,0,0,0,0,0,0,0,0,0,0,0,142506177,0,65699967052,0,0,0,0,0,0,13852051,0,0,0,0,0,0,0,2029382602,0,0,0,0,3059832384225,0,0,0,0,141703157,0,38755097,128284790,0,0,0,0,69139304893,0,0,63572927,0,0,0,0,0,0,0,10143204480682,661,21162356,0,0,0,0,0,0,0,0,0,276649,0,0,43339607,0,10035,0,51055335,267526440,0,2438637185515,0,0,0,0,2222836860,0,0,0,0,1538920280,0,0,891137248,0,555844860,0,0,0,1793319362,0,0,21461347,0,0,373994436343,0,0,16411,111098565,0,0,0,0,0,0,0,0,0,23456672,0,958415839,
0,672394156,0,0,0,10793618,0,128731,0,3258479683,588185877,0,2196049021,0,0,0,0,4798234,0,0,0,0,0,0,0,0,0,0,0,151690734,0,68379052076,0,0,0,0,0,0,13175223,0,0,0,0,0,0,0,2071794046,0,0,0,0,144324889913,0,0,0,0,105041844,0,39459846,122513615,0,0,0,0,0,0,0,61057666,0,0,0,0,0,0,0,19931365310932,689,1628274883,0,0,0,0,0,0,0,0,0,262650,0,0,40784391,0,15721,0,52146206,302217426,0,2739158154053,0,0,0,0,2268214146,0,0,0,0,1430317054,0,0,926104422,0,588098218,0,0,0,1507091300,0,0,21614358,0,0,55124181963,0,0,13824777,117807952,0,0,0,0,0,0,0,0,0,23902013,0,922657377,
0,633849048,0,0,0,10161771,0,112201402,0,0,631812639,0,2196015037,0,0,0,0,4604755,0,0,0,0,0,0,0,0,0,0,0,88447518,0,59863226677,0,0,0,0,0,0,11922432,0,0,0,0,0,0,0,1994935960,0,0,0,0,12930004622,0,0,0,0,120844317,0,37455370,121309762,0,0,0,0,0,0,0,58762503,0,0,0,0,0,0,0,0,662,8657723,0,0,0,0,0,0,0,0,0,260635,0,0,39529689,0,17411,0,48236632,276310549,0,2144476404927,0,0,0,0,2183858567,0,0,0,0,1516464435,0,0,972290602,0,631734959,0,0,0,1389948266,0,0,12820411,0,0,112180801298,0,0,0,121182170,0,0,0,0,0,0,0,0,0,22182633,0,887750098,
0,263835286,0,0,0,15522592,0,0,0,0,684237755,0,2195970929,0,0,0,0,4407704,0,0,0,0,0,0,0,0,0,0,0,125284930,0,48638088690,0,0,0,0,0,0,5627552,0,0,0,0,0,0,0,1989136152,0,0,0,0,83919652850,0,0,0,0,142225912,0,36474831,144310234,0,0,0,0,0,0,0,61939495,0,0,0,0,0,0,0,0,278,4688069351,0,0,0,0,0,0,0,0,0,415205,0,0,44268463,0,11077,0,46498612,285577570,0,1948206544101,0,0,0,0,2176682508,0,0,0,0,1432241117,0,0,902446790,0,684134167,0,0,0,1381992680,0,0,10524985,0,0,226446568310,0,0,0,133523302,0,0,0,0,0,0,0,0,0,21333798,0,880270487,
0,276771290,0,0,0,11762914,0,0,0,0,696006659,0,2195910272,0,0,0,0,5200666,0,0,0,0,0,0,0,0,0,0,0,119459528,0,41360113864,0,0,0,0,0,0,1907124192,0,0,0,0,0,0,0,1604587954,0,0,0,0,13927448862,0,0,0,0,211024856,0,31224079,152579109,0,0,0,0,0,0,0,42977904,0,0,0,0,0,0,0,0,337929,0,0,0,0,0,0,0,0,0,0,289520,0,0,44163584,0,16765,0,55146829,274909179,0,1410020843624,0,0,0,0,1755997079,0,0,0,0,130736845872,0,0,998427018,0,695916616,0,0,0,1644150322,0,0,7999528,0,0,210274350611,0,0,0,130730465,0,0,0,0,0,0,0,0,0,25084710,0,971089722,
0,356827154,0,0,0,18204534,0,0,0,0,839074894,0,2195861118,0,0,0,0,4720406,0,0,0,0,0,0,0,0,0,0,0,111143129,0,36920900262,0,0,0,0,0,0,20347454,0,0,0,0,0,0,0,2609388995,0,0,0,0,22092038778,0,0,0,0,199311384,0,29267914,159165994,0,0,0,0,0,0,0,39415147,0,0,0,0,0,0,0,0,0,0,0,0,0,0,0,0,0,0,0,487452,0,0,31581705,0,11923,0,48696114,316709740,0,984598594742,0,0,0,0,2855058822,0,0,0,0,448127243,0,0,940119799,0,838966107,0,0,0,1469295245,0,0,7772878,0,0,219759954817,0,0,0,121849567,0,0,0,0,0,0,0,0,0,20885755,0,920971153,
0,449234071,0,0,0,7823595,0,0,0,0,623819543,0,2195805173,0,0,0,0,5001464,0,0,0,0,0,0,0,0,0,0,0,115966053,0,40432427225,0,0,0,0,0,0,2611396900,0,0,0,0,0,0,0,2743984196,0,0,0,0,0,0,0,0,0,184756486,0,27839837,199035487,0,0,0,0,0,0,0,30337438,0,0,0,0,0,0,0,0,0,0,0,0,0,0,0,0,0,0,0,208072,0,0,36403150,0,3087495,0,16574746,316479003,0,1440163507586,0,0,0,0,3001490987,0,0,0,0,382846378835,0,0,1007142359,0,623733996,0,0,0,1179475159,0,0,8138769,0,0,219273934333,0,0,0,117680190,0,0,0,0,0,0,0,0,0,6811446,0,915160547,
0,413313609,0,0,0,6107196,0,0,0,0,704216452,0,2195970556,0,0,0,0,4598425,0,0,0,0,0,0,0,0,0,0,0,123907571,0,43241457689,0,0,0,0,0,0,0,0,0,0,0,0,0,0,1598491251,0,0,0,0,0,0,0,0,0,112101251,0,19978340,197296162,0,0,0,0,0,0,0,30548852,0,0,0,0,0,0,0,0,0,0,0,0,0,0,0,0,0,0,0,169036,0,0,39575534,0,17064,0,17657692909,585850573,0,1513062843432,0,0,0,0,1748310793,0,0,0,0,0,0,0,1002424541,0,704134089,0,0,0,1138453236,0,0,10231408,0,0,208097859911,0,0,0,103961435,0,0,0,0,0,0,0,0,0,7175132285,0,829255250,
0,452298468,0,0,0,7016697,0,0,0,0,834082922,0,2195727103,0,0,0,0,2212341,0,0,0,0,0,0,0,0,0,0,0,121512938,0,39352880966,0,0,0,0,0,0,0,0,0,0,0,0,0,0,2227743768,0,0,0,0,0,0,0,0,0,114722860,0,4418251835,198923667,0,0,0,0,0,0,0,31129309,0,0,0,0,0,0,0,0,0,0,0,0,0,0,0,0,0,0,0,183086,0,0,42085119,0,9045774,0,0,589831885,0,1469876166877,0,0,0,0,2435918935,0,0,0,0,0,0,0,1073912312,0,833985814,0,0,0,1588659187,0,0,13364783,0,0,154645090595,0,0,0,124183630,0,0,0,0,0,0,0,0,0,0,0,1016065377,
0,34846232018,0,0,0,4431684,0,0,0,0,1000117262,0,2195507323,0,0,0,0,1635330,0,0,0,0,0,0,0,0,0,0,0,118484604,0,49795698934,0,0,0,0,0,0,0,0,0,0,0,0,0,0,2065870686,0,0,0,0,0,0,0,0,0,135679430,0,25391880,199802715,0,0,0,0,0,0,0,38643047,0,0,0,0,0,0,0,0,0,0,0,0,0,0,0,0,0,0,0,128055,0,0,56856428,0,0,0,0,601419713,0,1888265512127,0,0,0,0,2258545073,0,0,0,0,0,0,0,897136725,0,1000004194,0,0,0,1575433639,0,0,11925209,0,0,127349791756,0,0,0,91090598,0,0,0,0,0,0,0,0,0,0,0,945624557,
0,187121667,0,0,0,4648419,0,0,0,0,881841272,0,2195588977,0,0,0,0,1358426,0,0,0,0,0,0,0,0,0,0,0,124763162,0,53933557561,0,0,0,0,0,0,0,0,0,0,0,0,0,0,1945257482,0,0,0,0,0,0,0,0,0,147937523,0,5966275694,15741400167,0,0,0,0,0,0,0,46008072,0,0,0,0,0,0,0,0,0,0,0,0,0,0,0,0,0,0,0,128195,0,0,9742287832,0,0,0,0,558189155,0,1961688360000,0,0,0,0,2126415933,0,0,0,0,0,0,0,1109997708,0,881744384,0,0,0,1705548315,0,0,12752151,0,0,0,0,0,0,101924920,0,0,0,0,0,0,0,0,0,0,0,497032054,
0,137729309322,0,0,0,7209383,0,0,0,0,817954855,0,2195632528,0,0,0,0,1776665,0,0,0,0,0,0,0,0,0,0,0,175974143,0,71977268533,0,0,0,0,0,0,0,0,0,0,0,0,0,0,1963364852,0,0,0,0,0,0,0,0,0,179981913,0,0,210949825,0,0,0,0,0,0,0,45409968,0,0,0,0,0,0,0,0,0,0,0,0,0,0,0,0,0,0,0,198642,0,0,26987806,0,0,0,0,527915204,0,3065975732981,0,0,0,0,2146152830,0,0,0,0,0,0,0,1087117361,0,817852694,0,0,0,1397742541,0,0,1083365473,0,0,0,0,0,0,106939198,0,0,0,0,0,0,0,0,0,0,0,515684912,
0,0,0,0,0,7013508,0,0,0,0,512846742,0,2195607856,0,0,0,0,1305983,0,0,0,0,0,0,0,0,0,0,0,226752120,0,63336902498,0,0,0,0,0,0,0,0,0,0,0,0,0,0,2127387766,0,0,0,0,0,0,0,0,0,149129219,0,0,45442292986,0,0,0,0,0,0,0,44899536,0,0,0,0,0,0,0,0,0,0,0,0,0,0,0,0,0,0,0,195222,0,0,12516671478,0,0,0,0,468106737,0,2591726760854,0,0,0,0,2324640838,0,0,0,0,0,0,0,1075965098,0,512720655,0,0,0,1594557799,0,0,5624276,0,0,0,0,0,0,103520106,0,0,0,0,0,0,0,0,0,0,0,539222240,
0,0,0,0,0,7076063,0,0,0,0,516676043,0,162668167306,0,0,0,0,2354308,0,0,0,0,0,0,0,0,0,0,0,226140132,0,52151762911,0,0,0,0,0,0,0,0,0,0,0,0,0,0,2071415956,0,0,0,0,0,0,0,0,0,131484469,0,0,0,0,0,0,0,0,0,0,2956641784,0,0,0,0,0,0,0,0,0,0,0,0,0,0,0,0,0,0,0,202121,0,0,0,0,0,0,0,444816693,0,1516000863459,0,0,0,0,2263514932,0,0,0,0,0,0,0,1028809342,0,516560862,0,0,0,1409098478,0,0,4287762115,0,0,0,0,0,0,99168142,0,0,0,0,0,0,0,0,0,0,0,622021316,
0,0,0,0,0,698648585,0,0,0,0,604350631,0,625184026,0,0,0,0,2248845,0,0,0,0,0,0,0,0,0,0,0,221380508,0,41530435989,0,0,0,0,0,0,0,0,0,0,0,0,0,0,1977262778,0,0,0,0,0,0,0,0,0,152633606,0,0,0,0,0,0,0,0,0,0,9483302,0,0,0,0,0,0,0,0,0,0,0,0,0,0,0,0,0,0,0,18129539,0,0,0,0,0,0,0,402469952,0,1164228569429,0,0,0,0,2160591764,0,0,0,0,0,0,0,874409884,0,604264451,0,0,0,1529321030,0,0,0,0,0,0,0,0,0,166845772,0,0,0,0,0,0,0,0,0,0,0,527625695,
0,0,0,0,0,5356378,0,0,0,0,658499952,0,465016770418,0,0,0,0,2241014,0,0,0,0,0,0,0,0,0,0,0,185913543,0,27196232352,0,0,0,0,0,0,0,0,0,0,0,0,0,0,1749410066,0,0,0,0,0,0,0,0,0,28666800786,0,0,0,0,0,0,0,0,0,0,11663949639,0,0,0,0,0,0,0,0,0,0,0,0,0,0,0,0,0,0,0,132589,0,0,0,0,0,0,0,338819470,0,390130599304,0,0,0,0,1853994952,0,0,0,0,0,0,0,759378872,0,658424920,0,0,0,1502960085,0,0,0,0,0,0,0,0,0,120348634,0,0,0,0,0,0,0,0,0,0,0,429677173,
0,0,0,0,0,2764699570,0,0,0,0,803694679,0,0,0,0,0,0,277821242,0,0,0,0,0,0,0,0,0,0,0,226647453,0,44239161828,0,0,0,0,0,0,0,0,0,0,0,0,0,0,2083877744,0,0,0,0,0,0,0,0,0,338089105,0,0,0,0,0,0,0,0,0,0,0,0,0,0,0,0,0,0,0,0,0,0,0,0,0,0,0,0,0,0,71805572,0,0,0,0,0,0,0,62890401429,0,1070172079888,0,0,0,0,2152512308,0,0,0,0,0,0,0,767653767,0,803619859,0,0,0,1399443707,0,0,0,0,0,0,0,0,0,192209379,0,0,0,0,0,0,0,0,0,0,0,405566779,
0,0,0,0,0,0,0,0,0,0,662830484,0,0,0,0,0,0,1196770,0,0,0,0,0,0,0,0,0,0,0,226004824,0,35431761694,0,0,0,0,0,0,0,0,0,0,0,0,0,0,2067486660,0,0,0,0,0,0,0,0,0,38703119630,0,0,0,0,0,0,0,0,0,0,0,0,0,0,0,0,0,0,0,0,0,0,0,0,0,0,0,0,0,0,0,0,0,0,0,0,0,0,223940737,0,740615131483,0,0,0,0,2141676460,0,0,0,0,0,0,0,807726689,0,662747948,0,0,0,1393401844,0,0,0,0,0,0,0,0,0,198184630,0,0,0,0,0,0,0,0,0,0,0,351748374,
0,0,0,0,0,0,0,0,0,0,589817324,0,0,0,0,0,0,1093158352,0,0,0,0,0,0,0,0,0,0,0,13763858073,0,24469677242,0,0,0,0,0,0,0,0,0,0,0,0,0,0,2682830504,0,0,0,0,0,0,0,0,0,0,0,0,0,0,0,0,0,0,0,0,0,0,0,0,0,0,0,0,0,0,0,0,0,0,0,0,0,0,0,0,0,0,0,0,0,0,0,0,84021432165,0,741066504160,0,0,0,0,2776301874,0,0,0,0,0,0,0,570212939,0,589746391,0,0,0,1263197970,0,0,0,0,0,0,0,0,0,183857605,0,0,0,0,0,0,0,0,0,0,0,478525587,
0,0,0,0,0,0,0,0,0,0,681527069,0,0,0,0,0,0,0,0,0,0,0,0,0,0,0,2,0,0,212854369,0,23247801457,0,0,0,0,0,0,0,0,0,0,0,0,0,0,2673470422,0,0,0,0,0,0,0,0,0,0,0,0,0,0,0,0,0,0,0,0,0,0,0,0,0,0,0,0,0,0,0,0,0,0,0,0,0,1,0,0,0,0,0,0,0,0,0,0,0,0,835115269105,0,0,0,0,2766722530,0,0,0,0,0,0,0,663232519,0,681436773,0,0,0,1251860003,0,0,0,0,0,0,0,0,0,188972034,0,0,0,0,0,0,0,0,0,0,0,562790901,
0,0,0,0,0,0,0,0,0,0,491774212,0,0,0,0,0,0,0,0,0,0,0,0,0,0,0,0,0,0,51023408562,0,24015847065,0,0,0,0,0,0,0,0,0,0,0,0,0,0,2615354829,0,0,0,0,0,0,0,0,0,0,0,0,0,0,0,0,0,0,0,0,0,0,0,0,0,0,0,0,0,0,0,0,0,0,0,0,0,0,0,0,0,0,0,0,0,0,0,0,0,0,273568223389,0,0,0,0,2709155986,0,0,0,0,0,0,0,738040299,0,491695304,0,0,0,1232538100,0,0,0,0,0,0,0,0,0,125021477,0,0,0,0,0,0,0,0,0,0,0,122601165255,
0,0,0,0,0,0,0,0,0,0,124956797772,0,0,0,0,0,0,0,0,0,0,0,0,0,0,0,2,0,0,0,0,35893378650,0,0,0,0,0,0,0,0,0,0,0,0,0,0,2194800198,0,0,0,0,0,0,0,0,0,0,0,0,0,0,0,0,0,0,0,0,0,0,0,0,0,0,0,0,0,0,0,0,0,0,0,0,0,4,0,0,0,0,0,0,0,0,0,0,0,0,574077552377,0,0,0,0,2272579103,0,0,0,0,0,0,0,674877765,0,124970244176,0,0,0,1173673732,0,0,0,0,0,0,0,0,0,127081719,0,0,0,0,0,0,0,0,0,0,0,144623553639,
0,0,0,0,0,0,0,0,0,0,270987011,0,0,0,0,0,0,0,0,0,0,0,0,0,0,0,0,0,0,0,0,28418524917,0,0,0,0,0,0,0,0,0,0,0,0,0,0,2674857678,0,0,0,0,0,0,0,0,0,0,0,0,0,0,0,0,0,0,0,0,0,0,0,0,0,0,0,0,0,0,0,0,0,0,0,0,0,0,0,0,0,0,0,0,0,0,0,0,0,0,472924542973,0,0,0,0,2773226997,0,0,0,0,0,0,0,766902421,0,272852786,0,0,0,1202190853,0,0,0,0,0,0,0,0,0,183235213,0,0,0,0,0,0,0,0,0,0,0,0,
0,0,0,0,0,0,0,0,0,0,167571392295,0,0,0,0,0,0,0,0,0,0,0,0,0,0,0,0,0,0,0,0,23648188858,0,0,0,0,0,0,0,0,0,0,0,0,0,0,2606907210,0,0,0,0,0,0,0,0,0,0,0,0,0,0,0,0,0,0,0,0,0,0,0,0,0,0,0,0,0,0,0,0,0,0,0,0,0,0,0,0,0,0,0,0,0,0,0,0,0,0,0,0,0,0,0,2763306417,0,0,0,0,0,0,0,732819251,0,167591763841,0,0,0,1213305941,0,0,0,0,0,0,0,0,0,192262461,0,0,0,0,0,0,0,0,0,0,0,0,
0,0,0,0,0,0,0,0,0,0,0,0,0,0,0,0,0,0,0,0,0,0,0,0,0,0,0,0,0,0,0,22486806274,0,0,0,0,0,0,0,0,0,0,0,0,0,0,155886473997,0,0,0,0,0,0,0,0,0,0,0,0,0,0,0,0,0,0,0,0,0,0,0,0,0,0,0,0,0,0,0,0,0,0,0,0,0,0,0,0,0,0,0,0,0,0,0,0,0,0,0,0,0,0,0,168565597324,0,0,0,0,0,0,0,770794072,0,0,0,0,0,1048197934,0,0,0,0,0,0,0,0,0,187925687,0,0,0,0,0,0,0,0,0,0,0,0,
0,0,0,0,0,0,0,0,0,0,0,0,0,0,0,0,0,0,0,0,0,0,0,0,0,0,0,0,0,0,0,184789269979,0,0,0,0,0,0,0,0,0,0,0,0,0,0,364152391,0,0,0,0,0,0,0,0,0,0,0,0,0,0,0,0,0,0,0,0,0,0,0,0,0,0,0,0,0,0,0,0,0,0,0,0,0,0,0,0,0,0,0,0,0,0,0,0,0,0,0,0,0,0,0,538435790,0,0,0,0,0,0,0,922198780,0,0,0,0,0,879567542,0,0,0,0,0,0,0,0,0,11046943515,0,0,0,0,0,0,0,0,0,0,0,0,
0,0,0,0,0,0,0,0,0,0,0,0,0,0,0,0,0,0,0,0,0,0,0,0,0,0,0,0,0,0,0,452539268971,0,0,0,0,0,0,0,0,0,0,0,0,0,0,575580191527,0,0,0,0,0,0,0,0,0,0,0,0,0,0,0,0,0,0,0,0,0,0,0,0,0,0,0,0,0,0,0,0,0,0,0,0,0,0,0,0,0,0,0,0,0,0,0,0,0,0,0,0,0,0,0,622633734310,0,0,0,0,0,0,0,150620402,0,0,0,0,0,1077486964,0,0,0,0,0,0,0,0,0,77977309,0,0,0,0,0,0,0,0,0,0,0,0,
0,0,0,0,0,0,0,0,0,0,0,0,0,0,0,0,0,0,0,0,0,0,0,0,0,0,0,0,0,0,0,0,0,0,0,0,0,0,0,0,0,0,0,0,0,0,0,0,0,0,0,0,0,0,0,0,0,0,0,0,0,0,0,0,0,0,0,0,0,0,0,0,0,0,0,0,0,0,0,0,0,0,0,0,0,0,0,0,0,0,0,0,0,0,0,0,0,0,0,0,0,0,0,0,0,0,0,0,0,0,333669636538,0,0,0,0,0,981102231,0,0,0,0,0,0,0,0,0,43278936166,0,0,0,0,0,0,0,0,0,0,0,0,
0,0,0,0,0,0,0,0,0,0,0,0,0,0,0,0,0,0,0,0,0,0,0,0,0,0,0,0,0,0,0,0,0,0,0,0,0,0,0,0,0,0,0,0,0,0,0,0,0,0,0,0,0,0,0,0,0,0,0,0,0,0,0,0,0,0,0,0,0,0,0,0,0,0,0,0,0,0,0,0,0,0,0,0,0,0,0,0,0,0,0,0,0,0,0,0,0,0,0,0,0,0,0,0,0,0,0,0,0,0,0,0,0,0,0,0,1157305927,0,0,0,0,0,0,0,0,0,0,0,0,0,0,0,0,0,0,0,0,0,0,
0,0,0,0,0,0,0,0,0,0,0,0,0,0,0,0,0,0,0,0,0,0,0,0,0,0,0,0,0,0,0,0,0,0,0,0,0,0,0,0,0,0,0,0,0,0,0,0,0,0,0,0,0,0,0,0,0,0,0,0,0,0,0,0,0,0,0,0,0,0,0,0,0,0,0,0,0,0,0,0,0,0,0,0,0,0,0,0,0,0,0,0,0,0,0,0,0,0,0,0,0,0,0,0,0,0,0,0,0,0,0,0,0,0,0,0,1258530005,0,0,0,0,0,0,0,0,0,0,0,0,0,0,0,0,0,0,0,0,0,0,
0,0,0,0,0,0,0,0,0,0,0,0,0,0,0,0,0,0,0,0,0,0,0,0,0,0,0,0,0,0,0,0,0,0,0,0,0,0,0,0,0,0,0,0,0,0,0,0,0,0,0,0,0,0,0,0,0,0,0,0,0,0,0,0,0,0,0,0,0,0,0,0,0,0,0,0,0,0,0,0,0,0,0,0,0,0,0,0,0,0,0,0,0,0,0,0,0,0,0,0,0,0,0,0,0,0,0,0,0,0,0,0,0,0,0,0,231858951238,0,0,0,0,0,0,0,0,0,0,0,0,0,0,0,0,0,0,0,0,0,0,
0,0,0,0,0,0,0,0,0,0,0,0,0,0,0,0,0,0,0,0,0,0,0,0,0,0,0,0,0,0,0,0,0,0,0,0,0,0,0,0,0,0,0,0,0,0,0,0,0,0,0,0,0,0,0,0,0,0,0,0,0,0,0,0,0,0,0,0,0,0,0,0,0,0,0,0,0,0,0,0,0,0,0,0,0,0,0,0,0,0,0,0,0,0,0,0,0,0,0,0,0,0,0,0,0,0,0,0,0,0,0,0,0,0,0,0,100367048,0,0,0,0,0,0,0,0,0,0,0,0,0,0,0,0,0,0,0,0,0,0,
0,0,0,0,0,0,0,0,0,0,0,0,0,0,0,0,0,0,0,0,0,0,0,0,0,0,0,0,0,0,0,0,0,0,0,0,0,0,0,0,0,0,0,0,0,0,0,0,0,0,0,0,0,0,0,0,0,0,0,0,0,0,0,0,0,0,0,0,0,0,0,0,0,0,0,0,0,0,0,0,0,0,0,0,0,0,0,0,0,0,0,0,0,0,0,0,0,0,0,0,0,0,0,0,0,0,0,0,0,0,0,0,0,0,0,0,303401822684,0,0,0,0,0,0,0,0,0,0,0,0,0,0,0,0,0,0,0,0,0,0,
0,0,0,0,0,0,0,0,0,0,0,0,0,0,0,0,0,0,0,0,0,0,0,0,0,0,0,0,0,0,0,0,0,0,0,0,0,0,0,0,0,0,0,0,0,0,0,0,0,0,0,0,0,0,0,0,0,0,0,0,0,0,0,0,0,0,0,0,0,0,0,0,0,0,0,0,0,0,0,0,0,0,0,0,0,0,0,0,0,0,0,0,0,0,0,0,0,0,0,0,0,0,0,0,0,0,0,0,0,0,0,0,0,0,0,0,0,0,0,0,0,0,0,0,0,0,0,0,0,0,0,0,0,0,0,0,0,0,0,
0,0,0,0,0,0,0,0,0,0,0,0,0,0,0,0,0,0,0,0,0,0,0,0,0,0,0,0,0,0,0,0,0,0,0,0,0,0,0,0,0,0,0,0,0,0,0,0,0,0,0,0,0,0,0,0,0,0,0,0,0,0,0,0,0,0,0,0,0,0,0,0,0,0,0,0,0,0,0,0,0,0,0,0,0,0,0,0,0,0,0,0,0,0,0,0,0,0,0,0,0,0,0,0,0,0,0,0,0,0,0,0,0,0,0,0,0,0,0,0,0,0,0,0,0,0,0,0,0,0,0,0,0,0,0,0,0,0,0,
0,0,0,0,0,0,0,0,0,0,0,0,0,0,0,0,0,0,0,0,0,0,0,0,0,0,0,0,0,0,0,0,0,0,0,0,0,0,0,0,0,0,0,0,0,0,0,0,0,0,0,0,0,0,0,0,0,0,0,0,0,0,0,0,0,0,0,0,0,0,0,0,0,0,0,0,0,0,0,0,0,0,0,0,0,0,0,0,0,0,0,0,0,0,0,0,0,0,0,0,0,0,0,0,0,0,0,0,0,0,0,0,0,0,0,0,0,0,0,0,0,0,0,0,0,0,0,0,0,0,0,0,0,0,0,0,0,0,0,
0,0,0,0,0,0,0,0,0,0,0,0,0,0,0,0,0,0,0,0,0,0,0,0,0,0,0,0,0,0,0,0,0,0,0,0,0,0,0,0,0,0,0,0,0,0,0,0,0,0,0,0,0,0,0,0,0,0,0,0,0,0,0,0,0,0,0,0,0,0,0,0,0,0,0,0,0,0,0,0,0,0,0,0,0,0,0,0,0,0,0,0,0,0,0,0,0,0,0,0,0,0,0,0,0,0,0,0,0,0,0,0,0,0,0,0,0,0,0,0,0,0,0,0,0,0,0,0,0,0,0,0,0,0,0,0,0,0,0,
0,0,0,0,0,0,0,0,0,0,0,0,0,0,0,0,0,0,0,0,0,0,0,0,0,0,0,0,0,0,0,0,0,0,0,0,0,0,0,0,0,0,0,0,0,0,0,0,0,0,0,0,0,0,0,0,0,0,0,0,0,0,0,0,0,0,0,0,0,0,0,0,0,0,0,0,0,0,0,0,0,0,0,0,0,0,0,0,0,0,0,0,0,0,0,0,0,0,0,0,0,0,0,0,0,0,0,0,0,0,0,0,0,0,0,0,0,0,0,0,0,0,0,0,0,0,0,0,0,0,0,0,0,0,0,0,0,0,0,
0,0,0,0,0,0,0,0,0,0,0,0,0,0,0,0,0,0,0,0,0,0,0,0,0,0,0,0,0,0,0,0,0,0,0,0,0,0,0,0,0,0,0,0,0,0,0,0,0,0,0,0,0,0,0,0,0,0,0,0,0,0,0,0,0,0,0,0,0,0,0,0,0,0,0,0,0,0,0,0,0,0,0,0,0,0,0,0,0,0,0,0,0,0,0,0,0,0,0,0,0,0,0,0,0,0,0,0,0,0,0,0,0,0,0,0,0,0,0,0,0,0,0,0,0,0,0,0,0,0,0,0,0,0,0,0,0,0,0,
0,0,0,0,0,0,0,0,0,0,0,0,0,0,0,0,0,0,0,0,0,0,0,0,0,0,0,0,0,0,0,0,0,0,0,0,0,0,0,0,0,0,0,0,0,0,0,0,0,0,0,0,0,0,0,0,0,0,0,0,0,0,0,0,0,0,0,0,0,0,0,0,0,0,0,0,0,0,0,0,0,0,0,0,0,0,0,0,0,0,0,0,0,0,0,0,0,0,0,0,0,0,0,0,0,0,0,0,0,0,0,0,0,0,0,0,0,0,0,0,0,0,0,0,0,0,0,0,0,0,0,0,0,0,0,0,0,0,0,
0,0,0,0,0,0,0,0,0,0,0,0,0,0,0,0,0,0,0,0,0,0,0,0,0,0,0,0,0,0,0,0,0,0,0,0,0,0,0,0,0,0,0,0,0,0,0,0,0,0,0,0,0,0,0,0,0,0,0,0,0,0,0,0,0,0,0,0,0,0,0,0,0,0,0,0,0,0,0,0,0,0,0,0,0,0,0,0,0,0,0,0,0,0,0,0,0,0,0,0,0,0,0,0,0,0,0,0,0,0,0,0,0,0,0,0,0,0,0,0,0,0,0,0,0,0,0,0,0,0,0,0,0,0,0,0,0,0,0,
0,0,0,0,0,0,0,0,0,0,0,0,0,0,0,0,0,0,0,0,0,0,0,0,0,0,0,0,0,0,0,0,0,0,0,0,0,0,0,0,0,0,0,0,0,0,0,0,0,0,0,0,0,0,0,0,0,0,0,0,0,0,0,0,0,0,0,0,0,0,0,0,0,0,0,0,0,0,0,0,0,0,0,0,0,0,0,0,0,0,0,0,0,0,0,0,0,0,0,0,0,0,0,0,0,0,0,0,0,0,0,0,0,0,0,0,0,0,0,0,0,0,0,0,0,0,0,0,0,0,0,0,0,0,0,0,0,0,0,
